P0=2534  	P1=10134 	P2=0     	P3=0     	P4=0     	
P5=0     	P6=100857	P7=0     	P8=0     	P9=0     	
P10=0     	P11=0     	P12=0     	P13=0     	P14=0     	
protocalVar= 44666

IP	src1	src2	src3	src4	dst1	dst2	dst3	dst4	srcPort	dstPort
0	   5	   0	 348	  22	 542	 521	 546	 232	19365	111424
1	 601	   0	  46	   9	 541	 532	 537	 205	   0	1429
2	   0	 296	 189	  28	 542	 546	 526	 233	2859	8466
3	   0	 388	  61	  39	 541	 569	 559	 233	   0	   0
4	   0	 266	 107	 123	 541	 545	 508	 236	   0	   0
5	   0	   1	 270	 117	 542	 516	 538	 207	   0	   0
6	 667	 311	  12	 111	 538	 553	 618	 212	   0	   0
7	   7	 304	  16	 107	 542	 546	 552	 222	   0	1451
8	 969	   0	 227	  71	 541	 523	 563	 242	   0	1448
9	   8	   0	 168	  86	 542	 530	 547	 212	   0	   0
10	   0	 302	  12	  24	 541	 542	 535	 210	   0	   0
11	   0	   1	  16	  32	 542	 511	 547	 219	   0	   0
12	   4	   8	  51	 149	 542	 521	 577	 234	   0	   0
13	 594	 426	 369	 158	 541	 602	 589	 238	   0	   0
14	   4	   5	 435	  18	 542	 523	 570	 218	   0	1434
15	 416	 706	 209	  19	 541	 649	 532	 221	   0	   0
16	   0	 308	 283	  68	 541	 535	 534	 226	   0	   0
17	   0	   3	  34	  58	 542	 522	 526	 223	   0	   0
18	 601	   0	  95	  68	 535	 518	 594	 256	   0	   0
19	   8	   0	  19	  74	 542	 521	 599	 230	   0	   0
20	   6	 154	 187	  44	 542	 534	 521	 231	   0	   0
21	 595	 153	 634	  42	 541	 535	 573	 208	   0	   0
22	   7	 162	 176	  77	 542	 545	 573	 202	   0	   0
23	 641	   2	 106	  69	 541	 523	 571	 243	   0	   0
24	   6	  77	 103	  54	 542	 530	 523	 249	   0	   0
25	1012	  79	 622	  68	 539	 533	 532	 221	   0	   0
26	   0	   0	  36	  89	 542	 535	 551	 210	   0	   0
27	   0	   0	 539	  90	 541	 518	 523	 191	   0	   0
28	 649	   0	  21	 101	 541	 527	 517	 195	   0	   0
29	   8	   0	 201	  89	 542	 515	 544	 184	2212	5625
30	   0	   2	 240	  78	 542	 520	 519	 213	   0	   0
31	   0	 158	  52	  83	 541	 534	 550	 201	   0	   0
32	   0	   0	 255	 155	 542	 531	 571	 228	   0	   0
33	   0	   0	 244	 154	 541	 523	 512	 237	   0	   0
34	   9	   0	  35	  94	 542	 525	 531	 236	   0	   0
35	 593	   0	 160	  94	 538	 523	 533	 188	   0	   0
36	   0	 590	  78	  50	 541	 624	 534	 215	   0	   0
37	   0	 564	 243	  51	 542	 612	 505	 217	   0	   0
38	 769	   0	 334	  59	 540	 527	 536	 230	   0	   0
39	   7	   0	  43	  69	 542	 522	 502	 218	   0	   0
40	   0	   0	  39	  38	 541	 521	 520	 248	   0	   0
41	   0	   0	 226	  48	 542	 519	 468	 217	   0	   0
42	 891	 596	  19	 118	 540	 611	 527	 213	   0	   0
43	   7	   8	  18	 127	 542	 529	 521	 223	   0	   0
44	 650	   0	  17	 146	 540	 526	 545	 218	   0	   0
45	   5	   0	  16	 147	 542	 522	 538	 224	   0	   0
46	   0	   0	 585	  70	 542	 523	 535	 263	   0	   0
47	   0	   0	  80	  71	 541	 521	 510	 218	   0	   0
48	   0	 412	 368	  24	 541	 567	 517	 231	   0	   0
49	   0	   6	  44	  14	 542	 519	 529	 206	   0	   0
50	   5	 564	  11	  89	 542	 628	 536	 217	   0	   0
51	 468	 472	  22	  88	 536	 590	 571	 226	   0	   0
52	   0	 466	 215	  60	 541	 570	 553	 200	   0	   0
53	   0	   5	 113	  64	 542	 527	 530	 205	   0	   0
54	 895	   0	 224	  73	 540	 519	 532	 223	   0	   0
55	  10	   0	  44	  69	 542	 526	 583	 243	   0	   0
56	1021	   0	  24	  51	 540	 517	 548	 200	   0	   0
57	   6	   0	 219	  43	 542	 515	 510	 238	   0	   0
58	   0	   0	  12	 126	 541	 525	 538	 217	   0	   0
59	   0	   0	  15	 131	 542	 523	 501	 234	   0	   0
60	   0	   2	  74	  13	 542	 522	 531	 209	   0	   0
61	   0	 225	  26	  21	 541	 559	 493	 233	   0	   0
62	 450	 474	 217	  35	 535	 576	 544	 232	   0	   0
63	  11	   7	  90	  39	 542	 520	 552	 219	   0	   0
64	   0	   9	  85	  73	 539	 503	 545	 211	   0	   0
65	   0	1050	  30	  71	 538	 648	 530	 219	   0	   0
66	1289	   2	  55	  99	 538	 517	 529	 220	   0	   0
67	   8	 295	  23	 119	 539	 537	 526	 207	   0	   0
68	 472	   3	  14	  14	 534	 519	 543	 228	   0	   0
69	   8	 746	  46	  18	 539	 589	 513	 216	   0	   0
70	   0	   0	  96	  14	 539	 526	 483	 251	   0	   0
71	   0	   0	 640	  23	 538	 521	 550	 232	   0	   0
72	   0	 305	 313	 105	 538	 549	 602	 197	   0	   0
73	   0	   4	 423	 106	 539	 511	 520	 224	   0	   0
74	 489	   0	  49	  85	 535	 509	 542	 230	   0	   0
75	   8	   0	 331	  98	 539	 515	 574	 217	   0	   0
76	   0	   8	 275	  18	 538	 513	 578	 221	   0	   0
77	   0	 414	  41	  18	 539	 580	 547	 243	   0	   0
78	   7	 556	 224	  69	 539	 589	 589	 234	   0	   0
79	 612	 320	 142	  64	 532	 545	 564	 211	   0	   0
80	   0	   3	  12	  95	 538	 510	 481	 255	   0	   0
81	   0	 150	   9	  90	 539	 510	 564	 218	   0	   0
82	 695	 561	 336	  81	 532	 630	 551	 194	   0	   0
83	   5	 579	  58	  79	 539	 610	 526	 227	   0	   0
84	   0	1086	  24	  16	 539	 656	 521	 226	   0	   0
85	   0	  49	 276	  14	 539	 515	 536	 205	   0	   0
86	   8	  40	  20	  63	 539	 513	 540	 230	   0	   0
87	 490	  40	  15	  60	 534	 507	 533	 221	   0	   0
88	   4	 459	 244	  24	 539	 571	 574	 207	   0	   0
89	 608	   7	  23	  28	 538	 514	 515	 235	   0	   0
90	 387	  80	 190	  77	 537	 518	 536	 221	   0	   0
91	   6	  80	 276	  90	 539	 513	 526	 244	   0	   0
92	   0	 159	  49	  44	 539	 508	 501	 239	   0	   0
93	   0	   2	 492	  37	 538	 516	 488	 232	2043	2884
94	   8	   8	  39	 123	 539	 506	 526	 229	   0	   0
95	 594	 717	 333	 137	 537	 575	 533	 232	   0	   0
96	   0	  41	  23	  93	 539	 522	 539	 237	   0	   0
97	   0	 156	  23	 108	 538	 524	 506	 235	   0	   0
98	 486	   4	  79	  95	 533	 520	 566	 219	   0	   0
99	   8	 197	  17	  94	 539	 531	 568	 195	   0	   0
100	   0	 573	  14	  44	 539	 621	 505	 196	   0	   0
101	   0	  45	  12	  30	 538	 533	 530	 227	   0	   0
102	 614	 330	 205	  21	 537	 544	 525	 219	   0	   0
103	   6	  25	  26	  21	 539	 517	 535	 220	   0	   0
104	   0	 931	  32	  62	 538	 675	 553	 223	   0	   0
105	   0	  33	 341	  67	 539	 516	 613	 219	   0	   0
106	   9	  20	  30	  39	 539	 517	 537	 227	   0	   0
107	 702	  21	 357	  47	 538	 522	 554	 231	   0	   0
108	   8	  20	  26	  27	 539	 525	 517	 219	   0	   0
109	 422	  21	  55	  37	 538	 508	 507	 195	   0	   0
110	 645	  20	 104	  88	 538	 531	 539	 222	   0	   0
111	   2	  21	 264	  89	 539	 518	 524	 219	   0	   0
112	 461	 222	  41	  23	 535	 551	 545	 231	   0	   0
113	   7	  78	 380	  21	 539	 527	 557	 227	   0	   0
114	   0	 344	 324	  68	 539	 534	 529	 239	   0	   0
115	   0	  42	  92	  75	 538	 525	 503	 212	   0	   0
116	 910	   0	  19	  48	 538	 515	 495	 219	   0	   0
117	   8	   0	  52	  46	 539	 515	 564	 227	   0	   0
118	   0	 456	 420	  58	 539	 565	 489	 226	   0	   0
119	   0	   7	 173	  65	 538	 504	 511	 202	   0	   0
120	   0	   0	  45	  80	 539	 516	 524	 209	   0	   0
121	   0	   0	 234	  79	 538	 517	 538	 205	   0	   0
122	 460	 504	 224	  83	 530	 569	 575	 233	   0	   0
123	  12	   7	 271	  91	 539	 513	 513	 225	   0	   0
124	 595	 750	  14	  69	 534	 627	 558	 248	   0	   0
125	   9	   7	  36	  73	 539	 512	 547	 191	   0	   0
126	   0	   0	 207	  52	 538	 530	 578	 183	   0	   0
127	   0	   0	 173	  43	 539	 523	 592	 197	   0	   0
128	   5	   8	  31	  17	 541	 506	 573	 218	   0	   0
129	 644	 442	 322	  22	 540	 555	 533	 201	   0	   0
130	   4	 646	 273	  69	 540	 614	 564	 230	   0	   0
131	 658	  17	  36	  63	 540	 517	 515	 226	   0	   0
132	   6	 278	  46	  57	 540	 557	 542	 226	   0	   0
133	 706	 536	  19	  63	 539	 585	 523	 228	   0	   0
134	   0	  17	 181	  43	 540	 512	 613	 234	   0	   0
135	   0	 675	 125	  39	 541	 601	 578	 242	   0	   0
136	   0	  65	  20	  59	 540	 514	 518	 222	   0	   0
137	   0	 578	 175	  47	 541	 564	 546	 214	   0	   0
138	  10	 563	  71	  98	 540	 611	 519	 210	   0	   0
139	 695	   4	 119	  91	 537	 502	 535	 225	   0	   0
140	   0	   1	 177	  25	 540	 509	 563	 223	   0	   0
141	   0	  20	 228	  36	 541	 499	 552	 220	   0	   0
142	   7	 405	 180	  36	 541	 558	 514	 250	   0	   0
143	 471	 261	  46	  41	 536	 532	 567	 214	   0	   0
144	   0	 315	 450	  22	 540	 541	 507	 235	   0	   0
145	   0	  12	  68	  22	 541	 510	 499	 205	   0	   0
146	   4	 412	 219	  67	 540	 549	 541	 216	   0	   0
147	1048	 397	  29	  59	 539	 557	 515	 232	   0	   0
148	   6	 553	  34	  17	 540	 563	 505	 208	   0	   0
149	 506	 503	 316	  16	 536	 570	 522	 204	   0	   0
150	   0	 101	 150	  48	 540	 517	 566	 211	   0	   0
151	   0	 421	 151	  51	 541	 543	 559	 194	   0	   0
152	1072	 525	 235	  83	 540	 556	 557	 214	   0	   0
153	   9	   4	 561	  78	 541	 509	 547	 222	   0	   0
154	   0	  44	  21	  17	 540	 510	 508	 234	   0	   0
155	   0	 422	  77	  13	 541	 593	 478	 233	   0	   0
156	   0	  10	  39	  51	 541	 505	 506	 224	   0	   0
157	   0	  10	  87	  64	 540	 504	 554	 231	   0	   0
158	   4	 319	  87	  96	 540	 524	 552	 222	   0	   0
159	1137	  11	 235	 105	 540	 515	 496	 244	   0	   0
160	   0	   0	 455	  12	 541	 513	 534	 242	   0	   0
161	   0	   0	  50	  17	 540	 517	 487	 216	   0	   0
162	   6	   0	  30	  13	 540	 518	 530	 218	   0	   0
163	 807	   0	  27	  15	 540	 520	 569	 230	   0	   0
164	   8	 615	 171	  65	 540	 617	 548	 214	   0	   0
165	 965	  10	  32	  79	 540	 531	 554	 211	   0	   0
166	   0	   0	  50	 147	 541	 527	 496	 244	   0	   0
167	   0	   0	  14	 150	 540	 520	 493	 249	   0	   0
168	   7	   0	  23	  51	 540	 522	 551	 232	   0	   0
169	 695	   0	 107	  53	 535	 524	 557	 232	   0	   0
170	   0	  85	  15	  63	 541	 532	 497	 221	   0	   0
171	   0	 620	  19	  65	 540	 613	 543	 256	   0	   0
172	  13	   0	 365	  71	 541	 513	 541	 221	   0	   0
173	 592	   0	  86	  72	 539	 525	 541	 235	   0	   0
174	   0	  40	 231	 101	 540	 512	 518	 213	   0	   0
175	   0	  39	  61	 106	 541	 520	 572	 232	   0	   0
176	   8	   1	 157	  13	 541	 515	 525	 217	   0	   0
177	 635	 157	  24	  13	 539	 529	 482	 222	   0	   0
178	   0	 366	  13	  14	 541	 560	 525	 201	   0	   0
179	   0	 163	  13	   9	 540	 530	 536	 240	   0	   0
180	 598	   0	 433	  28	 539	 520	 542	 207	   0	   0
181	   6	   0	 156	  29	 540	 525	 531	 222	   0	   0
182	   0	 777	  19	  35	 541	 627	 569	 211	   0	   0
183	   0	 163	  48	  28	 540	 532	 520	 213	   0	   0
184	   0	  79	 261	  37	 541	 527	 503	 231	   0	   0
185	   0	   1	 242	  33	 540	 515	 505	 226	   0	   0
186	 772	 467	 193	  50	 538	 576	 560	 222	   0	   0
187	   4	  44	  32	  42	 540	 517	 572	 220	   0	   0
188	 612	   8	  38	  47	 538	 507	 499	 235	   0	   0
189	   8	 864	 213	  43	 540	 668	 502	 216	   0	   0
190	   0	 159	  45	  36	 541	 524	 518	 218	   0	   0
191	   0	   1	  43	  42	 540	 516	 530	 205	   0	   0
192	  10	   0	  29	  71	 539	 526	 559	 253	   0	   0
193	 969	   0	 134	  89	 538	 513	 521	 213	   0	   0
194	   0	   0	  22	  96	 539	 518	 538	 265	   0	   0
195	   0	   0	  11	  94	 539	 530	 521	 232	   0	   0
196	 594	   0	  11	  63	 537	 524	 525	 234	   0	   0
197	   3	   0	  14	  70	 539	 519	 547	 225	   0	   0
198	   0	   0	 353	  63	 539	 518	 545	 216	   0	   0
199	   0	   0	  21	  62	 539	 519	 516	 238	   0	   0
200	   7	   4	  16	 104	 539	 520	 566	 232	   0	   0
201	1017	 398	  76	 114	 538	 561	 556	 248	   0	   0
202	   0	   0	 145	  58	 539	 523	 556	 234	   0	   0
203	   0	   0	 205	  66	 539	 514	 526	 227	   0	   0
204	   7	   5	 133	  32	 539	 513	 539	 215	   0	   0
205	 778	 343	 190	  33	 538	 576	 497	 250	   0	   0
206	   0	   0	 461	  49	 538	 526	 533	 214	   0	   0
207	   0	   0	  30	  53	 539	 515	 518	 235	   0	   0
208	   0	 386	  66	  17	 539	 572	 525	 232	   0	   0
209	   0	  42	 380	  21	 539	 508	 542	 231	   0	   0
210	 616	 696	 233	  40	 537	 619	 535	 231	   0	   0
211	   8	  44	 205	  47	 539	 508	 540	 226	   0	   0
212	   0	 614	  14	  14	 539	 558	 534	 217	   0	   0
213	   0	  37	  16	  15	 538	 510	 560	 234	   0	   0
214	 966	  38	  33	  15	 538	 516	 561	 257	   0	   0
215	   9	  21	  33	  21	 539	 516	 519	 248	   0	   0
216	 657	  22	  24	  17	 538	 515	 568	 237	   0	   0
217	   3	 922	  19	  14	 539	 640	 523	 234	   0	   0
218	   5	 758	 584	  81	 539	 629	 487	 223	   0	   0
219	 555	  59	 290	  81	 538	 513	 520	 210	   0	   0
220	  10	  21	  65	 140	 539	 513	 534	 254	   0	   0
221	 583	  20	  17	 136	 537	 511	 507	 251	   0	   0
222	   0	 427	 247	 115	 539	 535	 554	 218	   0	   0
223	   0	  62	 156	 116	 539	 518	 575	 201	   0	   0
224	   0	  49	 224	  53	 539	 503	 520	 227	   0	   0
225	   0	 453	 238	  51	 539	 598	 474	 211	   0	   0
226	   9	  49	  23	 138	 539	 507	 532	 193	   0	   0
227	 655	 582	 270	 137	 536	 584	 526	 232	   0	   0
228	 591	   0	  12	  24	 534	 507	 547	 216	   0	   0
229	  10	   0	  10	  27	 539	 500	 518	 207	   0	   0
230	   0	1513	 251	  20	 538	 751	 515	 207	   0	   0
231	   0	  96	  63	  21	 539	 507	 558	 205	   0	   0
232	 510	  10	  65	  44	 538	 493	 550	 245	   0	   0
233	   5	 724	 176	  32	 539	 632	 513	 216	   0	   0
234	   3	 880	  35	  69	 539	 635	 504	 216	   0	   0
235	 651	  11	 305	  62	 539	 503	 532	 253	   0	   0
236	   0	   0	 177	  64	 539	 500	 495	 199	   0	   0
237	   0	   0	  24	  55	 539	 503	 550	 229	   0	   0
238	 592	   0	 173	  24	 537	 507	 551	 250	   0	   0
239	   8	   0	 161	  22	 539	 507	 546	 231	   0	   0
240	   0	   0	  32	  53	 538	 501	 548	 225	   0	   0
241	   0	   0	  34	  66	 539	 513	 532	 236	   0	   0
242	 901	   4	  96	  41	 538	 521	 542	 249	   0	   0
243	   6	 455	 392	  47	 539	 589	 535	 229	   0	   0
244	 732	   0	 195	  35	 534	 502	 573	 192	   0	   0
245	   7	   0	  21	  32	 539	 508	 503	 203	   0	   0
246	   0	   0	  35	  76	 539	 510	 506	 224	   0	   0
247	   0	   0	 187	  90	 539	 510	 506	 230	   0	   0
248	   0	 370	  15	 110	 539	 559	 543	 225	   0	   0
249	   0	 427	  75	 118	 539	 600	 535	 219	   0	   0
250	 921	 653	  94	 125	 536	 609	 520	 203	   0	   0
251	   8	  10	 215	 123	 539	 510	 544	 216	   0	   0
252	   0	 556	 407	 106	 539	 604	 514	 210	   0	   0
253	   0	   7	  53	 106	 539	 515	 519	 230	   0	   0
254	   6	   7	   8	  83	 539	 511	 534	 237	   0	   0
255	 487	 550	  17	  72	 538	 604	 524	 231	   0	   0
256	131415	2625	10389	20269	42650	   0	 914	79994	154230	46548
var	8175	 305	 653	1258	2621	  51	  35	4966	9674	7530