Total Rules: 181065

P0=1427  	P1=6216  	P2=0     	P3=0     	P4=0     	
P5=0     	P6=121565	P7=0     	P8=0     	P9=0     	
P10=0     	P11=0     	P12=0     	P13=0     	P14=0     	
protocalVar= 55539

srcMask=0: 98390
 1: 47324	 2: 6887	 3:    0	 4:    0	 5:    0	 6:   80	 7:  315	 8:  367	
 9:  197	10:   56	11:  326	12:  361	13:  204	14:   55	15:  337	16:  348	
17:  184	18:   24	19:  243	20: 1057	21: 1605	22: 1363	23: 1344	24: 1438	
25: 1005	26:  341	27:  320	28:  125	29:   16	30: 1247	31: 5286	32: 10220	

dstMask=0: 98390
 1: 6942	 2: 1551	 3:    0	 4:    0	 5:    0	 6:    0	 7:    0	 8:    0	
 9:    0	10:    0	11:    0	12:    0	13:    0	14:    0	15:    0	16:    0	
17:    0	18:    0	19:  119	20: 1229	21: 2591	22: 2239	23:  323	24:    0	
25:    0	26:    0	27:    0	28:    0	29:    0	30: 15254	31: 66218	32: 73489	

IP	src1	src2	src3	src4	dst1	dst2	dst3	dst4	srcPort	dstPort
0	 859	 514	   1	  30	1261	 626	 579	 295	5437	85546
1	  12	   6	   0	  28	1261	 635	 587	 278	   0	17526
2	   0	   1	   1	  38	1260	 631	 620	 312	1427	17652
3	   0	 244	   0	  36	1261	 634	 615	 287	   0	   0
4	   0	  72	   0	   7	1260	 633	 565	 254	   0	   0
5	   0	 588	   1	   6	1261	 627	 601	 258	   0	   0
6	   0	   2	   0	  38	1261	 629	 589	 291	   0	   0
7	   0	 128	   1	  49	1261	 632	 642	 274	   0	3743
8	   0	 238	   1	   2	1261	 631	 592	 297	   0	5067
9	   0	   1	   1	   5	1261	 630	 561	 279	   0	   0
10	   0	   0	   0	  41	1261	 633	 607	 300	   0	   0
11	   0	   0	   1	  51	1260	 630	 581	 326	   0	   0
12	   0	  11	 185	   3	1261	 629	 587	 283	   0	   0
13	   0	 655	  10	   2	1260	 632	 601	 271	   0	   0
14	  12	   1	   0	  25	1261	 631	 615	 310	   0	   0
15	 848	 238	   0	  18	1261	 630	 602	 307	   0	   0
16	   0	  11	 485	   3	1261	 633	 636	 305	   0	   0
17	   0	1020	  26	   1	1261	 623	 647	 236	   0	   0
18	  15	   0	   0	  56	1261	 636	 637	 281	   0	   0
19	 968	   0	   1	  52	1261	 627	 629	 291	   0	   0
20	   0	   0	 183	   7	1261	 629	 582	 268	   0	   0
21	   0	   0	  10	   4	1261	 628	 584	 274	   0	   0
22	   0	   0	   1	 173	1260	 633	 596	 286	   0	   0
23	   0	   0	   0	 192	1261	 633	 586	 332	   0	1328
24	   0	   0	   0	  30	1261	 631	 607	 311	   0	   0
25	   0	   0	   0	  37	1261	 628	 597	 286	   0	   0
26	   0	   0	  94	  30	1260	 636	 605	 326	   0	2575
27	   0	   0	   4	  29	1261	 629	 622	 268	 962	5080
28	   0	   0	   3	 114	1261	 634	 578	 296	   0	1275
29	   0	   0	  48	 119	1261	 634	 575	 298	   0	   0
30	  12	   0	   0	  71	1260	 634	 606	 302	   0	   0
31	 605	   0	   1	  75	1261	 631	 587	 273	   0	   0
32	   0	   0	   0	   2	1261	 627	 607	 257	   0	   0
33	   0	   0	   0	   0	1260	 635	 598	 264	   0	   0
34	   0	   0	   3	   1	1261	 626	 581	 294	   0	   0
35	   0	   0	   4	   1	1261	 632	 622	 286	   0	12611
36	   0	   0	   2	  11	1260	 635	 646	 287	   0	   0
37	   0	   0	   2	  10	1261	 626	 612	 289	   0	   0
38	1514	   0	 658	   6	1261	 625	 607	 305	   0	   0
39	   9	   0	  57	   5	1261	 635	 622	 251	   0	   0
40	   0	   0	 277	   3	1260	 633	 612	 275	   0	   0
41	   0	   0	 435	   5	1261	 632	 638	 279	   0	   0
42	   0	   0	   4	  11	1261	 634	 618	 284	   0	   0
43	   0	   0	   1	  16	1261	 628	 572	 316	   0	   0
44	1486	   0	   4	   5	1261	 630	 606	 307	   0	   0
45	  13	   0	 105	   1	1261	 626	 622	 275	   0	   0
46	   0	   0	   2	   0	1261	 628	 530	 297	   0	   0
47	   0	   0	   2	   1	1261	 628	 615	 278	   0	   0
48	   0	   0	 124	  45	1261	 632	 618	 301	   0	   0
49	   0	   0	 324	  41	1260	 628	 622	 283	   0	   0
50	   0	   0	   2	   3	1261	 635	 618	 298	   0	   0
51	   0	   0	   2	   4	1261	 630	 593	 304	   0	   0
52	   9	   0	  17	  10	1261	 631	 649	 293	   0	   0
53	 719	   0	 195	  11	1260	 635	 633	 290	   0	   0
54	   0	   0	 383	 134	1261	 625	 588	 261	   0	   0
55	   0	   0	 274	 109	1261	 631	 594	 296	   0	   0
56	   0	   0	  12	   2	1260	 633	 637	 283	   0	   0
57	   0	   0	 185	   2	1261	 631	 593	 302	   0	   0
58	   0	   8	   0	   1	1261	 633	 670	 305	   0	   0
59	   0	 552	   0	   1	1261	 628	 626	 267	   0	   0
60	   9	   6	  25	  55	1261	 630	 608	 268	   0	   0
61	 717	 517	   1	  45	1261	 627	 629	 271	   0	   0
62	   0	   0	  35	  10	1260	 630	 620	 285	   0	   0
63	   0	   0	 504	   8	1261	 638	 600	 271	   0	   0
64	   0	   0	   0	  31	   0	 633	 593	 295	   0	   0
65	   0	   0	   0	  27	   0	 631	 583	 257	   0	   0
66	   0	   0	   0	  44	   0	 632	 593	 275	   0	   0
67	   0	   0	   0	  45	   0	 635	 614	 312	   0	   0
68	   0	   0	 175	  69	   0	 629	 591	 326	   0	   0
69	   0	   0	   9	  64	   0	 631	 649	 291	   0	   0
70	 711	   0	   0	   3	   0	 626	 557	 274	   0	   0
71	   8	   0	   0	   4	   0	 629	 615	 282	   0	   0
72	   0	   0	   6	  82	   0	 630	 630	 273	   0	   0
73	   0	   0	  86	  73	   0	 627	 623	 278	   0	   0
74	 991	   0	   0	   1	   0	 628	 608	 276	   0	   0
75	  14	   0	   0	   2	   0	 625	 601	 289	   0	   0
76	   0	   0	   0	  71	   0	 629	 608	 301	   0	   0
77	   0	   0	   0	  63	   0	 636	 634	 286	   0	   0
78	   0	   0	  19	 118	   0	 629	 584	 288	   0	   0
79	   0	   0	 251	 121	   0	 637	 618	 300	   0	   0
80	   0	   0	   0	 110	   0	 634	 584	 317	   0	   0
81	   0	   0	   0	 103	   0	 631	 613	 274	   0	   0
82	   0	 683	  12	  50	   0	 629	 634	 279	   0	   0
83	   0	  14	 202	  41	   0	 632	 695	 298	   0	   0
84	   0	   9	   0	   0	   0	 629	 634	 303	   0	   0
85	   0	 559	   0	   1	   0	 630	 629	 272	   0	   0
86	 901	 661	  48	   3	   0	 628	 611	 294	   0	   0
87	  12	  10	 460	   3	   0	 631	 604	 308	   0	   0
88	1134	  13	 158	   2	   0	 633	 622	 302	   0	   0
89	   9	 545	 198	   1	   0	 635	 559	 277	   0	   0
90	   0	   0	   2	   1	   0	 630	 574	 278	   0	   0
91	   0	   0	   2	   4	   0	 634	 572	 316	   0	   0
92	   0	   0	   1	   3	   0	 630	 585	 269	   0	   0
93	   0	   0	   2	   3	   0	 634	 581	 282	   0	   0
94	   0	   5	   2	  45	   0	 632	 581	 272	   0	   0
95	   0	 523	   1	  41	   0	 625	 616	 267	   0	   0
96	  11	   0	  46	  50	   0	 626	 607	 285	   0	   0
97	 715	   0	 410	  52	   0	 622	 600	 318	   0	   0
98	   0	   8	  30	   2	   0	 632	 560	 307	   0	   0
99	   0	 409	 379	   1	   0	 623	 635	 312	   0	   0
100	   0	 390	 219	  18	   0	 634	 605	 260	   0	   0
101	   0	   5	  14	  19	   0	 631	 617	 282	   0	   0
102	   0	   0	   1	 114	   0	 636	 589	 320	   0	   0
103	   0	   0	   0	 114	   0	 634	 640	 286	   0	   0
104	 784	   0	   1	  53	   0	 633	 620	 271	   0	   0
105	  12	   0	   0	  61	   0	 633	 633	 298	   0	   0
106	   0	   0	   0	  28	   0	 626	 634	 296	   0	   0
107	   0	   0	   1	  30	   0	 631	 662	 301	   0	   0
108	   0	   0	   1	  61	   0	 633	 593	 285	   0	   0
109	   0	   0	   0	  68	   0	 633	 610	 291	   0	   0
110	   0	 657	   1	  12	   0	 631	 624	 293	   0	   0
111	   0	   9	   0	  15	   0	 633	 567	 293	   0	   0
112	   0	   0	   2	  20	   0	 629	 552	 285	   0	   0
113	   0	   0	   1	  24	   0	 629	 621	 321	   0	   0
114	   0	   0	   1	 140	   0	 626	 612	 306	   0	   0
115	   0	   0	   2	 125	   0	 629	 611	 300	   0	   0
116	   0	 528	 110	  33	   0	 632	 588	 282	   0	   0
117	   0	  14	   1	  23	   0	 634	 535	 277	   0	   0
118	  13	   7	  15	  88	   0	 633	 595	 280	   0	   0
119	1452	 793	 156	  83	   0	 629	 599	 281	   0	   0
120	   0	   0	  11	   4	   0	 627	 618	 313	   0	   0
121	   0	   0	 151	   1	   0	 633	 634	 322	   0	   0
122	   0	   0	   0	  27	   0	 633	 625	 264	   0	   0
123	   0	   0	   0	  25	   0	 632	 632	 303	   0	   0
124	 891	   0	   0	 192	   0	 630	 584	 307	   0	   0
125	  11	   0	   0	 203	   0	 630	 634	 296	   0	   0
126	   0	   6	   0	 119	   0	 633	 617	 305	   0	   0
127	   0	 436	   0	 116	   0	 628	 591	 299	   0	   0
128	   0	   0	 307	 160	1262	 630	 590	 292	   0	   0
129	   0	   0	 405	 170	1262	 634	 651	 278	   0	   0
130	   0	   0	   1	   1	1263	 632	 581	 289	   0	   0
131	   0	   0	   0	   2	1262	 632	 644	 282	   0	   0
132	   0	  11	   1	   0	1262	 632	 593	 295	   0	   0
133	   0	 589	   0	   0	1262	 633	 617	 281	   0	   0
134	 644	   0	  25	  42	1262	 628	 586	 278	   0	   0
135	  14	   0	 317	  44	1262	 630	 586	 279	   0	   0
136	   0	   2	   0	  71	1262	 630	 592	 256	   0	   0
137	   0	 417	   1	  64	1262	 625	 624	 293	   0	   0
138	  12	   0	   0	  70	1262	 634	 596	 298	   0	   0
139	 669	   0	   0	  74	1262	 626	 586	 283	   0	   0
140	   0	   0	   0	  43	1262	 632	 590	 298	   0	   0
141	   0	   0	   1	  46	1262	 629	 618	 282	   0	   0
142	   0	   1	   0	  35	1262	 633	 589	 285	   0	   0
143	   0	 503	   1	  36	1262	 631	 622	 293	   0	   0
144	   0	   6	 134	  40	1262	 633	 581	 280	   0	   0
145	   0	 486	 720	  26	1262	 632	 609	 257	   0	   0
146	   0	   5	   3	   3	1262	 632	 642	 306	   0	   0
147	   0	 543	   1	   3	1263	 630	 549	 285	   0	   0
148	   0	   6	   2	   2	1262	 628	 649	 292	   0	   0
149	   0	 523	   2	   3	1262	 629	 606	 313	   0	   0
150	   9	   0	 501	   5	1262	 631	 636	 295	   0	   0
151	 924	   0	 281	   2	1262	 630	 596	 287	   0	   0
152	   0	   0	   1	   7	1262	 629	 609	 277	   0	   0
153	   0	   0	   1	   6	1262	 631	 568	 295	   0	   0
154	  10	   0	 109	   0	1262	 629	 634	 294	   0	   0
155	 720	   0	 247	   0	1262	 630	 574	 277	   0	   0
156	   0	  10	   1	  25	1262	 635	 581	 265	   0	   0
157	   0	 857	   1	  29	1262	 630	 626	 282	   0	   0
158	   0	   0	 194	 108	1262	 631	 580	 315	   0	   0
159	   0	   0	 101	 110	1262	 631	 605	 294	   0	   0
160	   0	  13	   1	  35	1263	 629	 593	 280	   0	   0
161	   0	 589	   2	  37	1262	 629	 614	 285	   0	   0
162	   0	   8	 178	   3	1262	 635	 603	 285	   0	   0
163	   0	 465	  39	   0	1262	 632	 650	 329	   0	   0
164	   0	   8	   1	   6	1262	 632	 671	 261	   0	   0
165	   0	 907	   2	   7	1262	 625	 665	 281	   0	   0
166	 718	 402	   0	 100	1262	 628	 608	 290	   0	   0
167	  10	   5	   1	  95	1262	 630	 595	 282	   0	   0
168	   0	   0	   8	  46	1262	 634	 627	 290	   0	   0
169	   0	   0	 244	  45	1262	 632	 636	 247	   0	   0
170	   0	   0	   2	   6	1262	 633	 624	 249	   0	   0
171	   0	   0	  51	   6	1262	 629	 596	 298	   0	   0
172	1027	   0	  28	  83	1262	 634	 647	 288	   0	   0
173	  13	   0	 304	  86	1262	 630	 631	 288	   0	   0
174	   0	   0	   1	   1	1262	 631	 581	 274	   0	   0
175	   0	   0	   3	   1	1262	 631	 598	 302	   0	   0
176	 587	   0	 483	  43	1262	 624	 600	 264	   0	   0
177	  10	   0	  35	  35	1262	 630	 559	 279	   0	   0
178	   0	  11	  49	  27	1263	 631	 615	 282	   0	   0
179	   0	 847	 471	  32	1262	 630	 616	 278	   0	   0
180	   0	   0	 313	   7	1262	 629	 610	 290	   0	   0
181	   0	   0	 344	   8	1262	 632	 609	 280	   0	   0
182	   0	   9	 289	  44	1262	 632	 560	 276	   0	   0
183	   0	 661	  25	  47	1262	 628	 613	 277	   0	   0
184	  16	   0	   0	   0	1262	 635	 599	 309	   0	   0
185	1093	   0	   0	   0	1262	 633	 558	 270	   0	   0
186	   0	   0	   1	 137	1262	 634	 630	 308	   0	   0
187	   0	   0	   0	 139	1262	 627	 576	 272	   0	   0
188	   0	   0	  47	  34	1262	 633	 614	 287	   0	   0
189	   0	   0	 636	  38	1262	 633	 598	 256	   0	   0
190	   0	   0	   1	   3	1262	 634	 601	 297	   0	   0
191	   0	   0	   0	   2	1262	 629	 576	 285	   0	   0
192	   0	   0	 449	 162	   0	 625	 596	 302	   0	   0
193	   0	   0	 137	 147	   0	 629	 552	 278	   0	   0
194	   0	 582	   0	  70	   0	 630	 596	 305	   0	   0
195	   0	  11	   0	  68	   0	 630	 560	 284	   0	   0
196	   0	   0	   0	  13	   0	 631	 650	 270	   0	   0
197	   0	   0	   0	  15	   0	 625	 603	 280	   0	   0
198	 746	   0	  53	   5	   0	 627	 595	 289	   0	   0
199	  12	   0	   1	   4	   0	 634	 611	 256	   0	   0
200	   0	   0	 197	   3	   0	 632	 589	 314	   0	   0
201	   0	   0	  16	   3	   0	 629	 592	 278	   0	   0
202	   0	   0	  15	   9	   0	 635	 663	 296	   0	   0
203	   0	   0	 174	  12	   0	 634	 565	 294	   0	   0
204	 642	  16	   3	 129	   0	 635	 642	 294	   0	   0
205	  12	1217	   3	 128	   0	 630	 601	 308	   0	   0
206	   0	   0	 290	 110	   0	 631	 592	 262	   0	   0
207	   0	   0	  22	 115	   0	 635	 576	 304	   0	   0
208	 647	   9	   1	   9	   0	 634	 574	 309	   0	   0
209	  12	 664	   1	   6	   0	 630	 621	 315	   0	   0
210	   0	   0	   1	  13	   0	 631	 615	 296	   0	   0
211	   0	   0	   1	  14	   0	 629	 614	 317	   0	   0
212	   0	   0	  53	  90	   0	 629	 577	 278	   0	   0
213	   0	   0	   2	  92	   0	 633	 578	 278	   0	   0
214	   0	   0	 107	   7	   0	 629	 615	 297	   0	   0
215	   0	   0	   3	  10	   0	 632	 634	 281	   0	   0
216	   0	   0	   1	  19	   0	 630	 597	 280	   0	   0
217	   0	   0	   1	  20	   0	 629	 578	 294	   0	   0
218	   9	   0	   4	   2	   0	 633	 631	 275	   0	   0
219	1065	   0	   4	   3	   0	 627	 641	 284	   0	   0
220	   0	   7	   3	  10	   0	 632	 594	 278	   0	   0
221	   0	 518	   3	   9	   0	 629	 602	 296	   0	   0
222	   0	   0	 692	  15	   0	 630	 625	 287	   0	   0
223	   0	   0	  58	  16	   0	 631	 600	 271	   0	   0
224	   0	   9	   2	 119	   0	 634	 627	 288	   0	   0
225	   0	 733	   1	 102	   0	 628	 595	 262	   0	   0
226	   0	 659	   2	  46	   0	 627	 602	 298	   0	   0
227	   0	   9	   1	  43	   0	 633	 600	 288	   0	   0
228	   0	   0	 281	 125	   0	 629	 567	 269	   0	   0
229	   0	   0	  27	 123	   0	 631	 582	 261	   0	   0
230	  10	   0	  11	   6	   0	 633	 634	 257	   0	   0
231	 610	   0	 155	   4	   0	 631	 642	 262	   0	   0
232	   0	   0	 528	  42	   0	 633	 572	 320	   0	   0
233	   0	   0	 411	  46	   0	 633	 572	 293	   0	   0
234	   0	   0	 369	   7	   0	 630	 673	 270	   0	   0
235	   0	   0	  35	   7	   0	 632	 613	 282	   0	   0
236	   0	   0	  25	  85	   0	 630	 610	 261	   0	   0
237	   0	   0	 311	  87	   0	 625	 626	 257	   0	   0
238	  11	   0	   2	 131	   0	 628	 606	 285	   0	   0
239	 858	   0	  52	 144	   0	 629	 617	 296	   0	   0
240	   0	   0	   3	  17	   0	 630	 566	 260	   0	   0
241	   0	   0	 102	  18	   0	 632	 579	 268	   0	   0
242	   0	   0	   1	  26	   0	 633	 569	 265	   0	   0
243	   0	   0	   0	  26	   0	 633	 628	 275	   0	   0
244	 719	  10	 474	  30	   0	 632	 603	 269	   0	   0
245	  13	 660	  77	  31	   0	 629	 595	 306	   0	   0
246	   0	 530	  28	   5	   0	 628	 631	 309	   0	   0
247	   0	   6	   1	   5	   0	 629	 581	 313	   0	   0
248	 738	   0	   1	   4	   0	 632	 602	 272	   0	   0
249	  13	   0	   0	   5	   0	 632	 600	 261	   0	   0
250	   0	   9	   1	  48	   0	 631	 554	 335	   0	   0
251	   0	 833	   0	  62	   0	 632	 575	 280	   0	   0
252	   0	   0	   0	   2	   0	 633	 562	 275	   0	   0
253	   0	   0	   0	   4	   0	 631	 609	 279	   0	   0
254	   0	 691	   1	  16	   0	 629	 606	 300	   0	   0
255	   0	  12	   0	  15	   0	 629	 638	 281	   0	   0
256	152996	1903	6168	9778	19603	   0	6501	81472	173239	28662
var	9522	 260	 406	 607	1338	  39	 367	5054	10789	5873