Total Rules: 127912

P0=53290 	P1=0     	P2=74554 	P3=68    	P4=0     	
P5=0     	P6=0     	P7=0     	P8=0     	P9=0     	
P10=0     	P11=0     	P12=0     	P13=0     	P14=0     	
protocalVar= 26795

srcMask=0: 1441
 1:    0	 2:    0	 3:    0	 4:    0	 5:    0	 6:    0	 7:    0	 8: 109931	
 9:    0	10:    0	11:    0	12:    0	13:    0	14:    0	15:    0	16:    0	
17:    0	18:    0	19:    0	20:    0	21:    0	22:    0	23:    0	24:  902	
25:    0	26:    0	27:    0	28:    0	29:    0	30:    0	31:    0	32: 15638	

dstMask=0: 2232
 1:    0	 2:    0	 3:    0	 4:    0	 5:    0	 6:    0	 7:    0	 8: 74493	
 9:    0	10:    0	11:    0	12:    0	13:    0	14:    0	15:    0	16:    0	
17:    0	18:    0	19:    0	20:    0	21:    0	22:    0	23:    0	24:   29	
25:    0	26:    0	27:    0	28:    0	29:    0	30:    0	31:    0	32: 51158	

No.	src1	src2	src3	src4	dst1	dst2	dst3	dst4	srcPort	dstPort	sPWidth	dPWidth
0	 380	  20	7487	  54	 276	14457	7245	 207	 329	 568	59997	53112
1	 430	 289	3997	  49	 289	   9	13484	 198	 315	 573	   0	1186
2	 479	 283	 304	 545	 289	   0	13225	 194	 346	 328	   0	1144
3	 474	 273	 175	  57	 264	   0	8514	 167	 346	 316	   0	1132
4	 455	 127	  24	  55	 283	   0	6279	 215	 331	 331	   0	1137
5	 413	  13	   4	  68	 274	   0	1225	 179	 336	 327	   0	1191
6	 417	   1	   3	  48	 250	   0	   2	 204	 190	 186	   0	1129
7	 428	   0	   3	  48	 281	   0	   0	 189	 214	 187	   0	1028
8	 398	   0	   5	  53	 294	   0	   0	 201	 339	 181	   0	1079
9	 424	   0	   4	  72	 261	   0	   0	 184	 346	 201	   0	1164
10	 400	   0	   4	  53	 250	   0	   0	 215	 346	 203	   0	1014
11	7712	   0	   4	  63	 277	   0	   0	 192	 310	 224	   0	1116
12	7582	   0	   4	  45	 314	   0	   0	 189	 381	 193	   0	1086
13	 415	3507	   3	  53	 269	   0	   0	 200	 287	 189	   0	1049
14	 393	10940	   4	  58	 275	  11	   0	 195	 203	 177	   0	1094
15	 430	  17	   3	  68	 252	  13	   0	 208	 202	 213	   0	1044
16	1292	   0	   5	  62	 295	   0	   1	 187	 191	 179	   0	1051
17	 447	   0	   5	  52	 300	   0	   0	 189	 191	 217	   0	 987
18	 392	   0	   3	  52	 281	   0	   0	 197	 202	 203	   0	1015
19	 412	   0	   3	  54	 235	   0	   0	 186	 221	 209	   0	1019
20	 449	   0	   3	  54	 309	   0	   0	 203	 176	 209	   0	 990
21	 443	   0	   3	  50	 306	   0	   0	 188	 208	 200	   0	1021
22	 424	   0	   4	  53	 299	   0	   0	 213	 186	 200	   0	 992
23	 432	   0	   4	  51	 265	   0	   0	 196	 222	 213	   0	1000
24	 446	   0	   4	  58	 290	   0	   0	 182	 172	 214	   0	1010
25	 407	   0	   4	  57	 281	   0	   0	 202	 198	 194	   0	 952
26	 416	   0	   3	  68	 258	   0	   0	 219	 212	 193	   0	 957
27	 414	   0	   3	  63	 255	   0	   0	 226	 222	 189	   0	 916
28	 397	   0	   4	  55	 275	   0	   1	 196	 216	 191	   0	 851
29	 407	   0	   4	  54	 293	   0	   1	 189	 202	 223	   0	 940
30	 408	   0	   4	  52	 327	   0	   1	 188	 233	 196	   0	 899
31	 407	   0	   4	  52	 274	   0	   0	 185	 215	 185	   0	 938
32	 405	   0	   4	  61	 312	   0	   0	 196	 216	 211	   0	 908
33	 408	   0	   5	  52	 287	   0	   0	 196	 214	 173	   0	 878
34	 416	   0	   4	  56	 274	   0	   0	 222	 191	 198	   0	 880
35	 430	   0	   4	  55	 296	   0	   1	 204	 183	 213	   0	 798
36	 416	   0	   4	  57	 289	   0	   0	 217	 217	 185	   0	 908
37	 378	   0	   5	  68	 310	   0	   0	 180	 217	 180	   0	 857
38	 399	   0	   4	  70	 279	   0	   0	 203	 217	 201	   0	 770
39	 410	   0	   3	  57	 279	   0	   0	 203	 169	 232	   0	 847
40	 426	   0	   4	  59	 295	   0	   0	 221	 203	 267	   0	 822
41	 422	   0	   5	  65	 294	   0	   0	 176	 196	 228	   0	 739
42	 419	   0	   4	  51	 272	   0	   0	 212	 214	 252	   0	 781
43	 404	   0	   3	  53	 305	   0	   0	 203	 211	 239	   0	 787
44	 393	   0	   5	  50	 290	   0	   0	 201	 196	 234	   0	 791
45	 398	   0	   4	  56	 286	   0	   0	 189	 199	 245	   0	 752
46	 421	   0	   3	  62	 269	   0	   0	 208	 162	 267	   0	 723
47	 425	   0	   3	  65	 295	   0	   0	 198	 214	 251	   0	 762
48	 412	   0	   4	  50	 267	   0	   0	 240	 191	 268	   0	 776
49	 427	   0	   3	  56	 277	   0	   0	 200	 235	 204	   0	 776
50	 414	   0	   4	  60	 274	   0	   0	 200	 197	 209	   0	 738
51	 412	   0	   3	  63	 271	   0	   0	 187	 183	 198	   0	 680
52	 395	   0	   3	  58	 251	   0	   0	 191	 232	 194	   0	 710
53	 420	   0	   3	  59	 293	   0	   0	 181	 220	 158	   0	 639
54	 404	   0	   5	  56	 278	   0	   0	 215	 198	 190	   0	 686
55	 392	   0	   3	  50	 257	   0	   0	 201	 225	 205	   0	 662
56	 381	   0	   4	  51	 271	   0	   0	 223	 211	 214	   0	 674
57	 419	   0	   3	  62	 273	   0	   0	 171	 185	 209	   0	 641
58	 428	   0	   3	  60	 287	   0	   0	 194	 198	 223	   0	 641
59	 406	   0	   3	  67	 272	   0	   0	 211	 191	 186	   0	 644
60	 398	   0	   4	  60	 268	   0	   0	 204	 216	 178	   0	 641
61	 410	   0	   3	  73	 315	   0	   0	 202	 199	 184	   0	 621
62	 432	   0	   3	  54	 300	   0	   0	 184	 223	 187	   0	 579
63	 414	   0	   4	  59	 268	   0	   0	 193	 211	 198	   0	 625
64	 432	   0	   5	  50	 262	   0	   0	 205	 202	 207	   0	 592
65	 443	   0	   3	  59	 259	   0	   0	 191	 200	 223	   0	 575
66	 402	   0	   4	  62	 285	   0	   0	 184	 184	 207	   0	 556
67	 437	   0	   4	  70	 261	   0	   0	 199	 222	 195	   0	 519
68	 381	   0	   4	  58	 322	   0	   0	 209	 199	 209	   0	 558
69	 404	   0	   4	  64	 285	   0	   0	 216	 202	 214	   0	 540
70	 414	   0	   4	  64	 285	   0	   0	 217	 208	 186	   0	 552
71	 437	   0	   3	  59	 279	   0	   0	 164	 211	 204	   0	 540
72	 415	   0	   4	  60	 302	   0	   1	 212	 190	 187	   0	 514
73	 402	   0	   5	  50	 285	   0	   0	 201	 194	 175	   0	 515
74	 412	   0	   4	  50	 305	   0	   1	 207	 196	 227	   0	 469
75	 415	   0	   4	  50	 292	   0	   0	 212	 209	 203	   0	 531
76	 403	   0	   4	  55	 280	   0	   1	 210	 200	 209	   0	 457
77	 441	   0	   4	  64	 257	   0	   0	 198	 185	 201	   0	 454
78	 409	   0	   4	  62	 276	   0	   0	 214	 199	 251	   0	 436
79	 379	   0	   4	  52	 304	   0	   0	 203	 218	 213	   0	 452
80	 415	   0	   4	  76	 274	   0	   0	 220	 217	 223	   0	 439
81	 419	   0	   3	  57	 311	   0	   0	 215	 229	 185	   0	 453
82	 412	   0	   4	  68	 303	   0	   0	 220	 217	 196	   0	 408
83	 404	   0	   3	  51	 278	   0	   0	 197	 244	 181	   0	 447
84	 463	   0	   3	  62	 285	   0	   0	 224	 224	 181	   0	 417
85	 416	   0	   3	  61	 283	   0	   0	 223	 192	 204	   0	 364
86	 439	   0	   4	  58	 285	   0	   0	 195	 207	 217	   0	 383
87	 418	   0	   4	  69	 280	   0	   0	 193	 225	 183	   0	 367
88	 384	   0	   4	  74	 299	   0	   0	 208	 217	 217	   0	 381
89	 417	   0	   4	  67	 279	   0	   0	 210	 185	 229	   0	 331
90	 425	   0	   3	  66	 260	   0	   0	 200	 184	 211	   0	 366
91	 417	   0	   4	  52	 280	   0	   1	 197	 193	 196	   0	 335
92	 426	   0	   3	  64	 270	   0	   0	 193	 193	 188	   0	 306
93	 405	   0	   5	  67	 273	   0	   0	 198	 194	 200	   0	 353
94	 420	   0	   4	  63	 289	   0	   0	 202	 226	 199	   0	 274
95	 440	   0	   3	  61	 310	   0	   0	 194	 212	 208	   0	 343
96	 436	   0	   5	  57	 287	   0	   0	 235	 218	 211	   0	 288
97	 412	   0	   4	  67	 279	   0	   0	 179	 210	 207	   0	 273
98	 435	   0	   4	  66	 287	   0	   0	 216	 197	 189	   0	 279
99	 384	   0	   6	  64	 257	   0	   0	 217	 201	 188	   0	 256
100	 418	   0	   3	  59	 287	   0	   0	 232	 208	 193	   0	 267
101	 469	   0	   3	  69	 274	   0	   0	 190	 201	 193	   0	 241
102	 415	   0	   4	  55	 283	   0	   0	 192	 193	 204	   0	 218
103	 425	   0	   4	  79	 282	   0	   0	 180	 216	 232	   0	 238
104	 401	   0	   5	  63	 262	   0	   0	 208	 197	 197	   0	 233
105	 421	   0	   3	  52	 307	   0	   0	 204	 211	 201	   0	 221
106	 402	   0	   4	  64	 255	   0	   0	 194	 205	 177	   0	 194
107	 409	   0	   3	  63	 309	   0	   0	 216	 203	 192	   0	 186
108	 426	   0	   3	  55	 284	   0	   0	 208	 207	 203	   0	 179
109	 410	   0	   3	  59	 237	   0	   0	 201	 192	 188	   0	 160
110	 384	   0	   4	  59	 288	   0	   1	 206	 193	 182	   0	 184
111	 409	   0	   3	  53	 275	   0	   0	 204	 207	 207	   0	 135
112	 457	   0	   4	  52	 303	   0	   0	 196	 219	 194	   0	 136
113	 384	   0	   4	  54	 284	   0	   0	 190	 204	 190	   0	 127
114	 425	   0	   4	  56	 276	   0	   1	 185	 210	 201	   0	 134
115	 442	   0	   4	  62	 285	   0	   0	 199	 203	 190	   0	 111
116	 420	   0	   3	  60	 272	   0	   0	 197	 204	 186	   0	 115
117	 406	   0	   3	  58	 260	   0	   0	 195	 212	 200	   0	  97
118	 413	   0	   5	  54	 266	   0	   0	 213	 190	 193	   0	  82
119	 429	   0	   4	  52	 299	   0	   0	 181	 202	 200	   0	  72
120	 407	   0	   5	  52	 281	   0	   0	 202	 193	 173	   0	  61
121	 416	   0	   3	  51	 282	   0	   0	 191	 192	 218	   0	  62
122	 407	   0	   3	  72	 259	   0	   0	 197	 211	 218	   0	  54
123	 439	   0	   4	  62	 270	   0	   0	 192	 215	 193	   0	  38
124	 390	   0	   4	  63	 277	   0	   1	 214	 191	 188	   0	  34
125	 396	   0	   3	  74	 266	   0	   0	 195	 226	 219	   0	  17
126	 425	   0	   4	  65	 296	   0	   0	 203	 210	 203	   0	   8
127	 405	   0	   4	  52	 268	   0	   0	 185	 197	 201	   0	   6
128	 394	   0	   4	  56	 281	   0	   0	 214	 211	 213	   0	   0
129	 461	   0	   3	  62	 279	   0	   0	 206	 193	 185	   0	   0
130	 438	   0	   4	  68	 293	   0	   0	 216	 180	 190	   0	   0
131	 397	   0	   3	  59	 254	   0	   0	 192	 226	 201	   0	   0
132	 448	   0	   3	  61	 280	   0	   1	 219	 193	 195	   0	   0
133	 423	   0	   3	  63	 258	   0	   0	 199	 202	 204	   0	   0
134	 419	   0	   3	  59	 274	   0	   0	 198	 200	 216	   0	   0
135	 370	   0	   3	  70	 299	   0	   1	 196	 180	 194	   0	   0
136	 414	   0	   4	  73	 272	   0	   0	 218	 228	 185	   0	   0
137	 440	   0	   3	  55	 287	   0	   0	 194	 220	 209	   0	   0
138	 419	   0	   3	  70	 281	   0	   0	 194	 197	 200	   0	   0
139	 410	   0	   3	  59	 269	   0	   0	 174	 175	 171	   0	   0
140	 415	   0	   3	  64	 270	   0	   0	 194	 197	 192	   0	   0
141	 384	   0	   3	  76	 290	   0	   0	 201	 185	 224	   0	   0
142	 403	   0	   3	  57	 291	   0	   0	 198	 196	 186	   0	   0
143	 460	   0	   3	  58	 320	   0	   0	 195	 193	 217	   0	   0
144	 434	   0	   4	  60	 289	   0	   0	 217	 186	 190	   0	   0
145	 409	   0	   4	  64	 277	   0	   0	 199	 211	 183	   0	   0
146	 397	   0	   3	  58	 279	   0	   0	 224	 223	 195	   0	   0
147	 399	   0	   4	  53	 302	   0	   0	 207	 201	 183	   0	   0
148	 415	   0	   4	  52	 256	   0	   0	 214	 197	 221	   0	   0
149	 471	   0	   4	  69	 284	   0	   0	 192	 192	 187	   0	   0
150	 408	   0	   3	  57	 264	   0	   0	 191	 212	 194	   0	   0
151	 404	   0	   5	  68	 284	   0	   0	 172	 215	 219	   0	   0
152	 400	   0	   3	  60	 280	   0	   0	 207	 222	 224	   0	   0
153	 393	   0	   3	  65	 301	   0	   0	 192	 185	 206	   0	   0
154	 442	   0	   3	  66	 253	   0	   0	 179	 192	 189	   0	   0
155	 433	   0	   3	  63	 261	   0	   0	 184	 203	 177	   0	   0
156	 435	   0	   3	  56	 281	   0	   1	 175	 208	 222	   0	   0
157	 405	   0	   4	  48	 274	   0	   0	 188	 214	 185	   0	   0
158	 424	   0	   4	  63	 286	   0	   0	 198	 191	 213	   0	   0
159	 397	   0	   3	  57	 319	   0	   0	 203	 226	 224	   0	   0
160	 384	   0	   5	  60	 290	   0	   0	 207	 196	 184	   0	   0
161	 367	   0	   5	  66	 270	   0	   1	 199	 184	 194	   0	   0
162	 423	   0	   3	  51	 258	   0	   0	 170	 190	 178	   0	   0
163	 406	   0	   4	  54	 284	   0	   0	 203	 230	 226	   0	   0
164	 422	   0	   3	  70	 291	   0	   0	 203	 199	 212	   0	   0
165	 447	   0	   3	  60	 261	   0	   0	 218	 197	 198	   0	   0
166	 412	   0	   2	  60	 283	   0	   1	 184	 185	 186	   0	   0
167	 430	   0	   4	  63	 289	   0	   0	 203	 215	 207	   0	   0
168	 417	   0	   5	  50	 278	   0	   0	 195	 205	 166	   0	   0
169	 390	   0	   3	  66	 295	   0	   0	 195	 202	 203	   0	   0
170	 400	   0	   3	  48	 287	   0	   0	 212	 226	 206	   0	   0
171	 408	   0	   3	  71	 295	   0	   1	 187	 181	 199	   0	   0
172	 412	   0	   4	  55	 270	   0	   0	 219	 194	 184	   0	   0
173	 384	   0	   3	  52	 313	   0	   0	 189	 213	 205	   0	   0
174	 409	   0	   3	  58	 287	   0	   0	 210	 185	 206	   0	   0
175	 390	   0	   4	  59	 303	   0	   0	 183	 219	 208	   0	   0
176	 404	   0	   3	  57	 290	   0	   0	 253	 224	 203	   0	   0
177	 412	   0	   4	  55	 274	   0	   0	 207	 237	 209	   0	   0
178	 439	   0	   3	  55	 288	   0	   0	 183	 204	 202	   0	   0
179	 432	   0	   4	  58	 284	   0	   0	 214	 197	 178	   0	   0
180	 449	   0	   3	  66	 260	   0	   0	 200	 203	 194	   0	   0
181	 463	   0	   3	  52	 254	   0	   0	 191	 223	 202	   0	   0
182	 420	   0	   3	  63	 280	   0	   0	 196	 215	 174	   0	   0
183	 418	   0	   3	  57	 281	   0	   0	 186	 212	 189	   0	   0
184	 409	   0	   5	  59	 302	   0	   0	 212	 202	 212	   0	   0
185	 380	   0	   3	  59	 295	   0	   0	 195	 211	 202	   0	   0
186	 395	   0	   4	  55	 304	   0	   0	 208	 198	 178	   0	   0
187	 409	   0	   3	  49	 270	   0	   0	 192	 212	 178	   0	   0
188	 420	   0	   3	  57	 295	   0	   0	 228	 197	 203	   0	   0
189	 418	   0	   4	  59	 285	   0	   0	 183	 190	 214	   0	   0
190	2626	   0	   4	  72	1806	   0	   1	 201	 223	 186	   0	   0
191	 424	   0	   3	  53	 256	   0	   1	 189	 205	 194	   0	   0
192	 369	   0	   3	  41	 258	   0	   0	 193	 191	 208	   0	   0
193	 441	   0	   3	  48	 299	   0	   0	 181	 221	 189	   0	   0
194	 398	   0	   3	  48	 305	   0	   0	 162	 185	 182	   0	   0
195	 426	   0	   4	  59	 272	   0	   0	 206	 229	 186	   0	   0
196	 427	   0	   3	  55	 265	   0	   1	 208	 215	 194	   0	   0
197	 411	   0	   3	  61	 296	   0	   0	 193	 199	 204	   0	   0
198	 422	 154	   4	  63	 266	1173	   0	 201	 225	 218	   0	   0
199	1463	 916	   4	  65	21491	20015	   0	 193	 211	 201	   0	   0
200	 460	   0	   4	  51	15779	15509	   0	 207	 228	 190	   0	   0
201	1908	   0	   3	  48	1313	   0	   0	 195	 216	 175	   0	   0
202	 424	   0	   3	  60	 248	   0	   1	 204	 225	 191	   0	   0
203	 410	   0	   4	  60	 292	   0	   0	 192	 203	 192	   0	   0
204	 385	   0	   5	  56	 290	   0	   0	 218	 200	 177	   0	   0
205	 420	   0	   3	  63	 289	   0	   0	 203	 195	 196	   0	   0
206	 444	   0	   3	  59	 252	   0	   0	 189	 198	 184	   0	   0
207	 412	   0	   3	  63	 258	   0	   0	 160	 200	 195	   0	   0
208	 400	   0	   3	  50	 287	   0	   0	 232	 194	 206	   0	   0
209	 399	   0	   5	  65	 279	   0	   0	 200	 219	 172	   0	   0
210	 402	   0	   3	  73	 295	   0	   0	 193	 207	 174	   0	   0
211	 425	   0	   3	  58	 305	   0	   1	 198	 199	 193	   0	   0
212	 403	   0	   3	  59	 280	   0	   0	 190	 205	 177	   0	   0
213	 389	   0	   3	  64	 283	   0	   0	 181	 180	 180	   0	   0
214	 431	   0	   3	  50	 271	   0	   0	 216	 230	 210	   0	   0
215	 399	   0	   2	  52	 267	   0	   0	 188	 197	 182	   0	   0
216	 436	   0	   2	  60	 287	   0	   0	 209	 185	 196	   0	   0
217	 385	   0	   3	  55	 269	   0	   0	 199	 192	 171	   0	   0
218	 437	   0	   4	  50	 261	   0	   0	 220	 205	 186	   0	   0
219	 398	   0	   3	  53	 272	   0	   0	 225	 201	 186	   0	   0
220	 444	   0	   3	  60	 305	   0	   0	 216	 224	 185	   0	   0
221	 402	   0	   3	  54	 288	   0	   0	 203	 205	 196	   0	   0
222	 415	   0	   3	  68	 289	   0	   0	 197	 192	 179	   0	   0
223	 395	   0	   3	  52	 294	   0	   0	 224	 198	 201	   0	   0
224	 405	   0	   2	  73	 251	   0	   0	 192	 207	 211	   0	   0
225	 438	   0	   3	  57	 270	   0	   1	 201	 215	 169	   0	   0
226	 449	   0	   4	  54	 287	   0	   0	 204	 207	 194	   0	   0
227	 429	   0	   3	  56	 313	   0	   0	 169	 193	 182	   0	   0
228	 432	   0	   5	  65	14730	   0	   0	 204	 194	 187	   0	   0
229	 427	   0	   2	  61	 283	   0	   0	 188	 179	 211	   0	   0
230	 430	   0	   2	  54	 258	   0	   0	 199	 196	 202	   0	   0
231	 424	   0	   3	  54	 282	   0	   0	 182	 206	 209	   0	   0
232	 417	   0	   4	  50	 269	   0	   1	 188	 211	 220	   0	   0
233	 431	   0	   3	  67	 275	   0	   0	 204	 193	 187	   0	   0
234	 401	   0	   3	  81	 282	   0	   0	 209	 191	 200	   0	   0
235	 392	   0	   4	  59	 274	   0	   0	 195	 198	 194	   0	   0
236	 439	   0	   2	  54	 292	   0	   1	 198	 221	 216	   0	   0
237	 428	   0	   3	  70	 298	   0	   0	 213	 219	 207	   0	   0
238	 420	   0	   4	  58	 315	   0	   0	 205	 223	 182	   0	   0
239	 424	   0	   2	  69	 282	   0	   0	 216	 200	 202	   0	   0
240	 417	   0	   3	  52	 256	   0	   0	 193	 201	 211	   0	   0
241	 400	   0	   3	  58	 307	   0	   0	 214	 207	 186	   0	   0
242	 384	   0	   3	  72	 276	   0	   0	 208	 195	 184	   0	   0
243	 381	   0	   3	  64	 274	   0	   0	 201	 214	 185	   0	   0
244	 426	   0	   2	  55	 285	   0	   0	 202	 204	 200	   0	   0
245	 414	   0	   3	  71	 270	   0	   0	 187	 202	 179	   0	   0
246	 395	   0	   2	  55	 264	   0	   0	 201	 207	 225	   0	   0
247	 415	   0	   3	  79	 282	   0	   0	 184	 205	 181	   0	   0
248	 404	   0	   2	  51	 260	   0	   0	 198	 190	 160	   0	   0
249	 401	   0	   3	  64	 279	   0	   0	 172	 212	 214	   0	   0
250	 434	   0	   3	  59	 276	   0	   0	 203	 213	 190	   0	   0
251	 382	   0	   3	  56	 312	   0	   0	 209	 203	 185	   0	   0
252	 416	   0	   3	  73	 269	   0	   0	 215	 191	 211	   0	   0
253	 435	   0	   2	  63	 274	   0	   0	 202	 217	 193	   0	   0
254	 372	   0	  29	  55	 293	   0	   3	 190	 217	 181	   0	   0
255	 429	   0	3649	  49	 281	   0	1184	 194	 195	 207	67915	   0
256	1441	109931	   0	 902	2232	74493	   0	  29	74046	75644	   0	   0
var	 663	6877	 573	  60	1865	4966	1413	  17	4596	4696	5630	3310
V2	 661	 718	 574	  31	1865	1812	1416	  13	  31	  40
