Total Rules: 127667

P0=1     	P1=1     	P2=63484 	P3=64179 	P4=1     	
P5=1     	P6=0     	P7=0     	P8=0     	P9=0     	
P10=0     	P11=0     	P12=0     	P13=0     	P14=0     	
protocalVar= 30090

srcMask=0: 97188
 1:    0	 2:    0	 3:    0	 4:    0	 5:    0	 6:    0	 7:    0	 8:    0	
 9:    0	10:    0	11:    0	12:    0	13:    0	14:    0	15:    0	16:    0	
17:    0	18:    0	19:    0	20:    0	21:    0	22:    0	23:    0	24: 4743	
25:    0	26:    0	27:    0	28:    0	29:    0	30:    0	31:    0	32: 25736	

dstMask=0: 97714
 1:    0	 2:    0	 3:    0	 4:    0	 5:    0	 6:    0	 7:    0	 8:    0	
 9:    0	10:    0	11:    0	12:    0	13:    0	14:    0	15:    0	16:    0	
17:    0	18:    0	19:    0	20:    0	21:    0	22:    0	23:    0	24: 8498	
25:    0	26:    0	27:    0	28:    0	29:    0	30:    0	31:    0	32: 21455	

No.	src1	src2	src3	src4	dst1	dst2	dst3	dst4	srcPort	dstPort	sPWidth	dPWidth
0	   0	   0	  11	 112	   0	   0	  28	  97	 212	 248	52080	63300
1	   0	   0	  20	  85	   0	   0	  48	  64	 189	 234	   0	 944
2	   0	   0	  15	  93	   0	   0	  27	  77	 226	 267	   0	 911
3	   0	   0	  17	  94	   0	   0	  35	  87	 206	 239	   0	 898
4	   0	   0	  13	 124	   0	   0	  39	  82	 190	 264	   0	 906
5	   0	   0	  16	 109	   0	   0	  17	  70	 203	 256	   0	 956
6	   0	   0	  21	 104	   0	   0	  41	  78	 213	 232	   0	 912
7	   0	   0	  16	 105	   0	   0	  34	 101	 203	 239	   0	 844
8	   0	   0	  19	  99	   0	   0	  42	  82	 210	 244	   0	 869
9	   0	   0	1027	  97	   0	   0	 782	  83	 212	 232	   0	 951
10	8704	   0	13507	  92	8534	   0	10023	  88	 178	 269	   0	 821
11	   0	   0	2548	  81	   0	   0	2208	  90	 192	 239	   0	 858
12	   0	   0	  28	  97	   0	   0	  24	  80	 230	 244	   0	 879
13	   0	   0	  15	 103	   0	   0	  26	  87	 219	 254	   0	 837
14	   0	   0	  18	  96	   0	   0	  22	  94	 219	 246	   0	 893
15	   0	   0	  24	  80	   0	   0	  38	  95	 211	 235	   0	 825
16	   0	   0	  20	 101	   0	   0	  27	  84	 203	 238	   0	 845
17	   0	   0	  16	 112	   0	   0	  26	  75	 181	 262	   0	 757
18	   0	10786	  16	 101	   0	12210	  22	  83	 203	 255	   0	 816
19	   0	2344	  22	 105	   0	4336	  26	  68	 195	 245	   0	 833
20	4743	17341	  15	 103	8498	13395	  26	  96	 223	 236	   0	 799
21	   0	   8	  21	  92	   0	  12	  30	  89	 222	 221	   0	 811
22	   0	   0	  20	 106	   0	   0	  36	  74	 199	 252	   0	 797
23	   0	   0	  23	 109	   0	   0	  24	  93	 209	 252	   0	 805
24	   0	   0	  18	 112	   0	   0	  29	  77	 193	 244	   0	 805
25	   0	   0	  21	 110	   0	   0	  23	  74	 203	 234	   0	 752
26	   0	   0	  16	 105	   0	   0	  39	  77	 215	 280	   0	 757
27	   0	   0	  23	 101	   0	   0	  26	  84	 208	 217	   0	 752
28	   0	   0	  20	  86	   0	   0	  37	  92	 193	 271	   0	 685
29	   0	   0	  17	  96	   0	   0	  50	  64	 206	 272	   0	 746
30	   0	   0	  15	  72	   0	   0	  44	  74	 211	 230	   0	 715
31	   0	   0	  22	  93	   0	   0	  25	  90	 210	 247	   0	 757
32	   0	   0	  24	 109	   0	   0	  40	  71	 190	 239	   0	 715
33	   0	   0	  16	 129	   0	   0	  42	  89	 199	 257	   0	 692
34	   0	   0	  18	  98	   0	   0	  28	  91	 207	 256	   0	 717
35	   0	   0	  18	 102	   0	   0	  31	  90	 206	 242	   0	 652
36	   0	   0	  19	 101	   0	   0	  38	  85	 226	 239	   0	 725
37	   0	   0	  16	  90	   0	   0	  43	  96	 219	 269	   0	 684
38	   0	   0	  16	  87	   0	   0	  23	  78	 240	 225	   0	 617
39	   0	   0	  19	 104	   0	   0	  33	  89	 205	 236	   0	 683
40	   0	   0	  15	 111	   0	   0	  44	  92	 205	 243	   0	 666
41	   0	   0	  22	 111	   0	   0	  31	  81	 211	 239	   0	 600
42	   0	   0	  19	  96	   0	   0	  28	  67	 213	 256	   0	 624
43	   0	   0	  18	  95	   0	   0	  31	  75	 221	 254	   0	 638
44	   0	   0	  17	 110	   0	   0	  38	  86	 218	 250	   0	 632
45	   0	   0	  19	 104	   0	   0	  39	  88	 213	 239	   0	 614
46	   0	   0	  16	 103	   0	   0	  34	  85	 201	 244	   0	 576
47	   0	   0	  20	  86	   0	   0	  30	  98	 213	 244	   0	 608
48	   0	   0	  16	 110	   0	   0	  32	  81	 202	 255	   0	 612
49	   0	   0	  26	 107	   0	   0	  27	  86	 214	 224	   0	 632
50	   0	   0	  22	  96	   0	   0	  39	  82	 219	 240	   0	 571
51	   0	   0	  10	  97	   0	   0	  28	  88	 198	 254	   0	 545
52	   0	   0	  15	 105	   0	   0	  41	  69	 189	 238	   0	 566
53	   0	   0	  15	 113	   0	   0	  34	  78	 223	 253	   0	 527
54	   0	   0	  18	 100	   0	   0	  39	  82	 190	 257	   0	 565
55	   0	   0	  26	  97	   0	   0	  39	  81	 192	 242	   0	 545
56	   0	   0	  20	 110	   0	   0	  37	  86	 204	 240	   0	 537
57	   0	   0	  21	  96	   0	   0	  39	  71	 202	 242	   0	 522
58	   0	   0	  16	 104	   0	   0	  42	  77	 210	 239	   0	 507
59	   0	   0	  12	 101	   0	   0	  29	  83	 223	 255	   0	 522
60	   0	   0	  19	 101	   0	   0	  28	  80	 213	 241	   0	 505
61	   0	   0	  22	  96	   0	   0	  25	  71	 194	 246	   0	 492
62	   0	   0	  12	 109	   0	   0	  28	  82	 199	 247	   0	 481
63	   0	   0	  21	  94	   0	   0	  33	  93	 178	 253	   0	 494
64	   0	   0	  13	 101	   0	   0	  31	  90	 193	 252	   0	 470
65	   0	   0	  18	  95	   0	   0	  51	  86	 208	 264	   0	 466
66	   0	   0	  19	  95	   0	   0	  30	  70	 196	 256	   0	 455
67	   0	   0	  19	  86	   0	   0	  41	  85	 195	 251	   0	 404
68	   0	   0	  17	 119	   0	   0	  38	  85	 213	 259	   0	 442
69	   0	   0	  15	 123	   0	   0	  32	  96	 218	 246	   0	 452
70	   0	   0	  17	 112	   0	   0	  32	  80	 184	 251	   0	 430
71	   0	   0	  16	 112	   0	   0	  23	  86	 238	 270	   0	 426
72	   0	   0	  16	 116	   0	   0	  27	  75	 201	 227	   0	 405
73	   0	   0	  15	  98	   0	   0	  34	 103	 193	 221	   0	 419
74	   0	   0	  18	 100	   0	   0	  36	  85	 190	 252	   0	 389
75	   0	   0	  20	 103	   0	   0	  34	  89	 208	 262	   0	 435
76	   0	   0	  13	  85	   0	   0	  35	  96	 197	 259	   0	 370
77	   0	   0	  18	 113	   0	   0	  31	  75	 201	 251	   0	 359
78	   0	   0	  20	  81	   0	   0	  29	  90	 205	 222	   0	 351
79	   0	   0	  17	  98	   0	   0	  34	  73	 191	 221	   0	 366
80	   0	   0	  21	  88	   0	   0	  33	  94	 191	 251	   0	 355
81	   0	   0	  23	 102	   0	   0	  26	  87	 207	 236	   0	 366
82	   0	   0	  18	 105	   0	   0	  40	  88	 203	 268	   0	 333
83	   0	   0	  14	  95	   0	   0	  33	  76	 200	 274	   0	 367
84	   0	   0	  13	 108	   0	   0	  36	  82	 214	 257	   0	 336
85	   0	   0	  19	 102	   0	   0	  25	  86	 201	 241	   0	 288
86	   0	   0	  19	 115	   0	   0	  30	  76	 220	 258	   0	 309
87	   0	   0	  18	 111	   0	   0	  41	  74	 181	 260	   0	 297
88	   0	   0	  15	 112	   0	   0	  28	  92	 191	 230	   0	 316
89	   0	   0	  21	  89	   0	   0	  26	  75	 185	 257	   0	 269
90	   0	   0	  18	  95	   0	   0	  34	  84	 196	 240	   0	 303
91	   0	   0	  15	  84	   0	   0	  40	  94	 191	 245	   0	 267
92	   0	   0	  13	  79	   0	   0	  34	  85	 188	 259	   0	 254
93	   0	   0	  27	 104	   0	   0	  34	  82	 186	 251	   0	 284
94	   0	   0	  18	  98	   0	   0	  23	  81	 180	 234	   0	 225
95	   0	   0	  21	 102	   0	   0	  29	  89	 210	 265	   0	 279
96	   0	   0	  18	 109	   0	   0	  40	  88	 182	 261	   0	 226
97	   0	   0	  23	 117	   0	   0	  46	  94	 192	 262	   0	 222
98	   0	   0	  18	  96	   0	   0	  31	  83	 186	 234	   0	 232
99	   0	   0	  20	  95	   0	   0	  36	  66	 234	 254	   0	 205
100	   0	   0	  20	  84	   0	   0	  27	  91	 196	 251	   0	 222
101	   0	   0	  20	  98	   0	   0	  41	  78	 223	 240	   0	 194
102	   0	   0	  28	 104	   0	   0	  27	  85	 198	 235	   0	 164
103	   0	   0	  18	  90	   0	   0	  30	  99	 202	 236	   0	 191
104	   0	   0	  21	  88	   0	   0	  27	  81	 221	 258	   0	 182
105	   0	   0	  20	 110	   0	   0	  31	  72	 230	 255	   0	 184
106	   0	   0	  14	  96	   0	   0	  38	  91	 181	 252	   0	 162
107	   0	   0	  11	  85	   0	   0	  28	  85	 216	 266	   0	 145
108	   0	   0	  19	  95	   0	   0	  45	  93	 197	 282	   0	 134
109	   0	   0	  19	 103	   0	   0	  25	  86	 204	 244	   0	 130
110	   0	   0	  19	 116	   0	   0	  36	  80	 190	 251	   0	 153
111	   0	   0	  17	  96	   0	   0	  33	  74	 205	 250	   0	 106
112	   0	   0	  16	  98	   0	   0	  44	  86	 180	 255	   0	 114
113	   0	   0	  20	  91	   0	   0	  31	  71	 178	 246	   0	 109
114	   0	   0	  22	  86	   0	   0	  36	  75	 204	 248	   0	 107
115	   0	   0	  25	 103	   0	   0	  41	  79	 189	 271	   0	  84
116	   0	   0	  14	 102	   0	   0	  35	  75	 205	 255	   0	  97
117	   0	   0	  18	 119	   0	   0	  49	  86	 219	 257	   0	  73
118	   0	   0	  15	  89	   0	   0	  28	  77	 188	 248	   0	  74
119	   0	   0	  17	  94	   0	   0	  37	  96	 201	 212	   0	  61
120	   0	   0	  14	  99	   0	   0	  37	  88	 212	 245	   0	  42
121	   0	   0	  20	 103	   0	   0	  30	  97	 214	 246	   0	  50
122	   0	   0	  22	 104	   0	   0	  35	  77	 216	 252	   0	  38
123	   0	   0	  18	  83	   0	   0	  24	  77	 193	 247	   0	  32
124	   0	   0	  25	  93	   0	   0	  29	  76	 211	 238	   0	  25
125	   0	   0	  19	  91	   0	   0	  36	  79	 195	 245	   0	  14
126	   0	   0	  20	 112	   0	   0	  37	  83	 194	 247	   0	   4
127	   0	   0	  25	 103	   0	   0	  41	  84	 212	 249	   0	   2
128	   0	   0	  22	 111	   0	   0	  38	  96	 226	 242	   0	   0
129	   0	   0	  17	  90	   0	   0	  37	  95	 183	 244	   0	   0
130	   0	   0	  24	 104	   0	   0	  34	  72	 195	 235	   0	   0
131	   0	   0	  18	  92	   0	   0	  32	  77	 229	 227	   0	   0
132	   0	   0	  14	 116	   0	   0	  42	  84	 241	 237	   0	   0
133	   0	   0	  17	 113	   0	   0	  30	  79	 219	 222	   0	   0
134	   0	   0	  13	 112	   0	   0	  37	  92	 220	 242	   0	   0
135	   0	   0	  18	 105	   0	   0	  33	  88	 246	 272	   0	   0
136	   0	   0	  19	 103	   0	   0	  29	  83	 178	 247	   0	   0
137	   0	   0	  22	  98	   0	   0	  32	  77	 197	 251	   0	   0
138	   0	   0	  24	 100	   0	   0	  34	  82	 197	 231	   0	   0
139	   0	   0	  17	 104	   0	   0	  30	  91	 191	 257	   0	   0
140	   0	   0	  20	  97	   0	   0	  41	  87	 175	 253	   0	   0
141	   0	   0	  19	  85	   0	   0	  35	  98	 206	 259	   0	   0
142	   0	   0	  19	 114	   0	   0	  30	  97	 203	 252	   0	   0
143	   0	   0	  14	 106	   0	   0	  44	  79	 192	 236	   0	   0
144	   0	   0	  16	  91	   0	   0	  37	  85	 213	 222	   0	   0
145	   0	   0	  17	  96	   0	   0	  23	  83	 221	 237	   0	   0
146	   0	   0	  18	 119	   0	   0	  33	  82	 201	 223	   0	   0
147	   0	   0	  15	 101	   0	   0	  26	  82	 199	 248	   0	   0
148	   0	   0	  18	 110	   0	   0	  36	  86	 219	 234	   0	   0
149	   0	   0	  15	  94	   0	   0	  29	  72	 211	 247	   0	   0
150	   0	   0	  19	  97	   0	   0	  27	  69	 202	 231	   0	   0
151	   0	   0	  21	  87	   0	   0	  22	  85	 218	 241	   0	   0
152	   0	   0	  22	  95	   0	   0	  33	  78	 191	 247	   0	   0
153	   0	   0	  22	 105	   0	   0	  27	  73	 209	 260	   0	   0
154	   0	   0	  25	 113	   0	   0	  30	  75	 213	 239	   0	   0
155	   0	   0	   7	  99	   0	   0	  31	  76	 192	 253	   0	   0
156	   0	   0	  29	 119	   0	   0	  29	  80	 208	 204	   0	   0
157	   0	   0	  21	 104	   0	   0	  35	  84	 208	 243	   0	   0
158	   0	   0	  17	 114	   0	   0	  37	  71	 174	 254	   0	   0
159	   0	   0	  23	 111	   0	   0	  39	  92	 211	 252	   0	   0
160	   0	   0	  18	 119	   0	   0	  37	 105	 205	 261	   0	   0
161	   0	   0	  18	  87	   0	   0	  35	 108	 203	 246	   0	   0
162	   0	   0	  18	  97	   0	   0	  42	  90	 213	 237	   0	   0
163	   0	   0	  20	 106	   0	   0	  42	  67	 208	 246	   0	   0
164	   0	   0	  15	  94	   0	   0	  39	  83	 195	 241	   0	   0
165	   0	   0	  13	 121	   0	   0	  27	  92	 219	 230	   0	   0
166	   0	   0	  13	  94	   0	   0	  30	  74	 213	 231	   0	   0
167	   0	   0	  16	  85	   0	   0	  23	  84	 203	 248	   0	   0
168	   0	   0	  17	  93	   0	   0	  36	  77	 194	 257	   0	   0
169	   0	   0	  19	  98	   0	   0	  41	  77	 212	 238	   0	   0
170	   0	   0	  19	  86	   0	   0	  35	  87	 200	 230	   0	   0
171	   0	   0	  11	 116	   0	   0	  35	  84	 212	 238	   0	   0
172	17032	   0	  17	 100	12921	   0	  26	  83	 208	 251	   0	   0
173	   0	   0	  15	 105	   0	   0	  34	  81	 197	 219	   0	   0
174	   0	   0	  17	 102	   0	   0	  32	  76	 196	 220	   0	   0
175	   0	   0	  23	 106	   0	   0	  41	  78	 190	 229	   0	   0
176	   0	   0	  20	 100	   0	   0	  35	  77	 204	 224	   0	   0
177	   0	   0	  18	  89	   0	   0	  32	  73	 195	 233	   0	   0
178	   0	   0	  15	  95	   0	   0	  34	  66	 210	 253	   0	   0
179	   0	   0	  16	  92	   0	   0	  23	  78	 221	 237	   0	   0
180	   0	   0	  22	  98	   0	   0	  31	  88	 188	 246	   0	   0
181	   0	   0	  17	 102	   0	   0	  34	  81	 209	 226	   0	   0
182	   0	   0	  20	 104	   0	   0	  43	  78	 192	 222	   0	   0
183	   0	   0	  17	 111	   0	   0	  24	  93	 180	 228	   0	   0
184	   0	   0	  26	 108	   0	   0	  30	  82	 200	 234	   0	   0
185	   0	   0	  24	  96	   0	   0	  37	  79	 200	 274	   0	   0
186	   0	   0	  11	 107	   0	   0	  34	  92	 203	 258	   0	   0
187	   0	   0	  19	 128	   0	   0	  36	  81	 202	 249	   0	   0
188	   0	   0	  25	  90	   0	   0	  41	  68	 198	 268	   0	   0
189	   0	   0	  20	 104	   0	   0	  38	  97	 206	 242	   0	   0
190	   0	   0	  19	 109	   0	   0	  38	  82	 200	 251	   0	   0
191	   0	   0	  19	  91	   0	   0	  31	  90	 190	 251	   0	   0
192	   0	   0	  18	 100	   0	   0	  28	  73	 193	 233	   0	   0
193	   0	   0	  28	 109	   0	   0	  33	  83	 204	 241	   0	   0
194	   0	   0	  19	  96	   0	   0	  30	  78	 201	 252	   0	   0
195	   0	   0	  12	  86	   0	   0	  35	  79	 202	 223	   0	   0
196	   0	   0	  23	  88	   0	   0	  24	  96	 196	 269	   0	   0
197	   0	   0	  13	  87	   0	   0	  34	  84	 217	 266	   0	   0
198	   0	   0	  27	  81	   0	   0	  27	  89	 203	 248	   0	   0
199	   0	   0	  20	 113	   0	   0	  37	  86	 210	 249	   0	   0
200	   0	   0	  14	 109	   0	   0	  37	  75	 204	 227	   0	   0
201	   0	   0	  16	 101	   0	   0	  29	  90	 213	 265	   0	   0
202	   0	   0	  60	  78	   0	   0	  71	  94	 200	 251	   0	   0
203	   0	   0	4634	 107	   0	   0	4613	  81	 200	 234	   0	   0
204	   0	   0	4040	 110	   0	   0	3938	  90	 209	 258	   0	   0
205	   0	   0	  36	  76	   0	   0	  58	  79	 223	 229	   0	   0
206	   0	   0	  14	 111	   0	   0	  43	  82	 204	 253	   0	   0
207	   0	   0	  14	 103	   0	   0	  34	 103	 195	 239	   0	   0
208	   0	   0	  19	  94	   0	   0	  29	  72	 198	 259	   0	   0
209	   0	   0	  25	 104	   0	   0	  31	  88	 197	 227	   0	   0
210	   0	   0	  29	  99	   0	   0	  31	  94	 200	 225	   0	   0
211	   0	   0	  22	  99	   0	   0	  33	  76	 207	 225	   0	   0
212	   0	   0	  13	 109	   0	   0	  44	  72	 194	 234	   0	   0
213	   0	   0	  29	  97	   0	   0	  32	  89	 205	 240	   0	   0
214	   0	   0	  16	  94	   0	   0	  31	  85	 208	 228	   0	   0
215	   0	   0	  17	  92	   0	   0	  32	  80	 208	 281	   0	   0
216	   0	   0	  22	 113	   0	   0	  34	  84	 206	 239	   0	   0
217	   0	   0	  19	 115	   0	   0	  29	  92	 196	 256	   0	   0
218	   0	   0	  13	 106	   0	   0	  26	  82	 192	 221	   0	   0
219	   0	   0	  21	  96	   0	   0	  27	  83	 217	 245	   0	   0
220	   0	   0	  19	 101	   0	   0	  31	  86	 183	 247	   0	   0
221	   0	   0	  13	  94	   0	   0	  30	  71	 194	 235	   0	   0
222	   0	   0	  18	 114	   0	   0	  33	  78	 187	 226	   0	   0
223	   0	   0	  19	  93	   0	   0	  36	  80	 185	 240	   0	   0
224	   0	   0	  22	 108	   0	   0	  30	  87	 192	 264	   0	   0
225	   0	   0	  17	  97	   0	   0	  37	  76	 183	 264	   0	   0
226	   0	   0	  21	  84	   0	   0	  36	  85	 235	 249	   0	   0
227	   0	   0	  19	 104	   0	   0	  36	  88	 207	 249	   0	   0
228	   0	   0	  13	  92	   0	   0	  26	  67	 209	 251	   0	   0
229	   0	   0	  22	 124	   0	   0	  25	  82	 179	 263	   0	   0
230	   0	   0	  27	  93	   0	   0	  34	  95	 190	 248	   0	   0
231	   0	   0	  18	 106	   0	   0	  37	  80	 211	 254	   0	   0
232	   0	   0	  19	 100	   0	   0	  23	  81	 194	 247	   0	   0
233	   0	   0	  16	 100	   0	   0	  35	  93	 191	 248	   0	   0
234	   0	   0	  21	 108	   0	   0	  38	  90	 201	 234	   0	   0
235	   0	   0	  14	  87	   0	   0	  29	 105	 214	 246	   0	   0
236	   0	   0	  15	  97	   0	   0	  32	 108	 205	 251	   0	   0
237	   0	   0	  23	 106	   0	   0	  29	  75	 224	 227	   0	   0
238	   0	   0	  20	  92	   0	   0	  39	  97	 204	 220	   0	   0
239	   0	   0	  18	  93	   0	   0	  30	 109	 189	 244	   0	   0
240	   0	   0	  24	 106	   0	   0	  32	  94	 202	 247	   0	   0
241	   0	   0	  14	  93	   0	   0	  36	  71	 210	 232	   0	   0
242	   0	   0	  18	 109	   0	   0	  32	  81	 214	 236	   0	   0
243	   0	   0	  19	 108	   0	   0	  46	  91	 219	 244	   0	   0
244	   0	   0	  23	 109	   0	   0	  44	  87	 192	 271	   0	   0
245	   0	   0	  19	 102	   0	   0	  38	 103	 201	 233	   0	   0
246	   0	   0	  23	  97	   0	   0	  25	  80	 189	 221	   0	   0
247	   0	   0	  26	  94	   0	   0	  36	  80	 194	 238	   0	   0
248	   0	   0	  18	 108	   0	   0	  30	  82	 212	 230	   0	   0
249	   0	   0	  22	  95	   0	   0	  25	  91	 203	 249	   0	   0
250	   0	   0	  24	 101	   0	   0	  25	 102	 205	 255	   0	   0
251	   0	   0	  16	  90	   0	   0	  33	  87	 208	 232	   0	   0
252	   0	   0	  18	 108	   0	   0	  28	  96	 197	 255	4349	4300
253	   0	   0	  17	 108	   0	   0	  38	  99	 210	 263	   0	   0
254	   0	   0	  15	  95	   0	   0	  32	  67	 223	 237	   0	   0
255	   0	   0	  15	  84	   0	   0	  31	  90	 201	 238	71238	   0
256	97188	   0	   0	4743	97714	   0	   0	8498	75587	64864	   0	   0
var	6165	1276	 934	 289	6174	1156	 736	 523	4693	4022	5488	3945
V2	1225	1279	 935	  10	1097	1158	 738	   8	  12	  13
