Total Rules: 127405

P0=53507 	P1=0     	P2=73897 	P3=1     	P4=0     	
P5=0     	P6=0     	P7=0     	P8=0     	P9=0     	
P10=0     	P11=0     	P12=0     	P13=0     	P14=0     	
protocalVar= 26663

srcMask=0: 21664
 1:    0	 2:    0	 3:    0	 4:    0	 5:    0	 6:    0	 7:    0	 8:    0	
 9:    0	10:    0	11:    0	12:  810	13:    0	14:    0	15:    0	16:    0	
17:    0	18:    0	19: 5878	20: 1623	21: 3945	22: 2490	23: 3295	24: 4318	
25:  814	26:    0	27:  785	28: 2339	29:    0	30:    0	31:  655	32: 78789	

dstMask=0: 76184
 1:    0	 2:    0	 3:    0	 4:    0	 5:    0	 6:    0	 7:    0	 8:    0	
 9:    0	10:    0	11:    0	12:  820	13:    0	14:    0	15:    0	16:    0	
17:    0	18:    0	19: 5907	20: 1594	21: 3987	22: 2492	23: 3418	24: 3443	
25:    0	26:    0	27:    0	28:    0	29:    0	30:    0	31:    0	32: 29560	

No.	src1	src2	src3	src4	dst1	dst2	dst3	dst4	srcPort	dstPort	sPWidth	dPWidth
0	   0	  14	 516	 299	   0	  11	  12	  96	 155	   2	34117	 758
1	   0	  12	 210	 303	   0	  10	  11	 124	 121	   5	 717	 725
2	   0	  12	  45	 314	   0	  12	  13	 114	 123	   4	 724	 721
3	   0	  11	  37	 328	   0	  13	  14	 133	 145	   3	 668	 708
4	   0	  12	  42	 258	   0	  12	  16	 112	 122	   2	 680	 728
5	   0	  14	  40	 303	   0	  13	  13	 129	 144	   3	 723	 717
6	   0	2035	  39	 293	   0	 362	  15	 101	 114	   2	 676	 716
7	   0	 480	  37	 302	   0	 473	  13	 123	 128	   3	 685	 672
8	   0	 451	  39	 311	   0	 441	  12	 118	 137	   2	 669	 654
9	   0	 367	  36	 311	   0	 366	  13	 104	 138	   7	 698	 698
10	   0	 263	  42	 320	   0	 255	  11	 105	 111	   3	 641	 649
11	   0	 213	  38	 306	   0	 208	  15	 116	 136	   3	 695	 659
12	   0	 194	  38	 307	   0	 190	  13	  94	 132	   1	 713	 680
13	   0	 159	  36	 308	   0	 170	  14	 110	 113	   1	 634	 636
14	   0	 129	  36	 324	   0	 127	  12	 115	 130	   2	 650	 658
15	   0	 105	  38	 307	   0	 119	  12	 116	 145	   3	 618	 674
16	   0	 104	  35	 289	   0	  97	  11	 104	 130	   6	 619	 648
17	   0	  81	  36	 317	   0	  89	  14	 122	 135	   2	 639	 620
18	   0	  83	  36	 306	   0	  73	  12	 103	 125	   3	 602	 632
19	   0	  66	  36	 313	   0	  61	  13	 124	 154	   4	 635	 604
20	   0	  65	  37	 301	   0	  56	  17	 106	 137	   2	 618	 574
21	   0	 613	  36	 277	   0	  52	  12	  97	 141	  11	 582	 603
22	   0	  47	  33	 292	   0	  52	  10	 123	 135	   0	 638	 619
23	   0	  52	  36	 328	   0	  50	  15	 119	 148	   3	 609	 596
24	   0	  39	  36	 302	   0	  42	  12	 129	 148	   6	 604	 563
25	   0	  40	  33	 328	   0	  42	  14	 114	 143	   4	 618	 620
26	   0	  37	  37	 320	   0	  38	  11	 121	 112	   5	 583	 578
27	   0	  43	  36	 295	   0	  44	  12	 110	 118	   4	 549	 546
28	   0	  43	  34	 291	   0	  33	  12	 120	 111	   4	 539	 582
29	   0	 261	  30	 306	   0	  38	  16	 116	 156	   0	 553	 568
30	   0	 583	  37	 309	   0	  32	  13	 108	 123	   2	 572	 571
31	   0	1327	  37	 305	   0	  39	  12	 119	 139	   1	 556	 572
32	   0	 147	  31	 305	   0	  30	  15	 130	 127	   2	 535	 552
33	   0	  53	  32	 312	   0	  28	  19	 121	 124	   7	 462	 545
34	   0	  39	  40	 322	   0	  30	  17	 114	 139	   1	 579	 524
35	   0	  31	 147	 321	   0	  25	  15	 120	 129	   1	 546	 482
36	   0	  29	 287	 293	   0	  34	  14	 113	 130	   3	 548	 517
37	   0	  24	 288	 316	   0	  28	  13	 104	 139	   3	 529	 518
38	   0	  26	 281	 312	   0	  29	  15	 110	 128	   1	 521	 501
39	   0	  25	 140	 304	   0	  26	  14	 123	 130	   1	 528	 535
40	   0	  25	  30	 320	   0	  23	  12	 122	 113	   2	 481	 480
41	   0	  25	  43	 289	   0	  25	  15	 114	 140	   3	 478	 493
42	   0	  22	 223	 297	   0	  21	  14	 125	 119	   5	 507	 485
43	   0	  24	 290	 321	   0	  25	  15	 135	 139	   3	 479	 478
44	   0	  25	 253	 332	   0	  22	  14	 138	 128	   4	 495	 485
45	   0	  23	  64	 306	   0	  21	  13	 102	 132	   3	 486	 454
46	   0	  26	  25	 312	   0	  23	  12	 109	 137	   2	 448	 462
47	   0	  22	  27	 286	   0	  18	  16	 110	 125	   2	 476	 425
48	   0	  23	  27	 316	   0	  20	  13	 123	 146	   2	 451	 482
49	   0	  21	  32	 301	   0	  23	  15	 109	 131	   1	 450	 466
50	   0	  18	  71	 328	   0	  23	  13	 129	 146	   4	 467	 452
51	   0	  23	 256	 294	   0	  23	  14	 127	 122	   3	 439	 442
52	   0	  17	 276	 307	   0	  18	  14	 130	 151	   2	 393	 416
53	   0	  21	 108	 302	   0	  17	  15	 119	 150	   4	 414	 402
54	   0	  21	  27	 318	   0	  21	  12	 119	 137	   3	 450	 434
55	   0	  24	  26	 295	   0	  21	  16	 120	 140	   7	 412	 408
56	   0	  24	  29	 319	   0	  20	  18	 117	 131	   3	 414	 406
57	   0	  18	  21	 315	   0	  19	  14	 108	 130	   3	 365	 419
58	   0	  22	  28	 307	   0	  24	  15	 108	 152	   3	 394	 406
59	 863	  28	  22	 315	 887	  29	  13	 127	 121	   4	 378	 407
60	   0	  26	  20	 316	   0	  26	  12	 105	 138	   6	 373	 414
61	4880	  30	  25	 295	3505	  30	  14	 120	 104	   2	 387	 389
62	   0	  26	  20	 324	   0	  27	  15	 110	 116	   0	 396	 389
63	   0	  26	  52	 292	   0	  28	  14	 103	 128	   0	 350	 371
64	   0	  26	 202	 313	   0	  25	  11	 119	 136	   1	 354	 388
65	   0	  24	 281	 273	   0	  28	  16	 112	 131	   5	 362	 360
66	   0	  29	 187	 305	   0	  26	  12	 116	 128	   4	 347	 384
67	   0	  47	  45	 309	   0	  50	  16	 113	 138	   3	 321	 332
68	   0	  67	  39	 294	   0	  66	  15	 117	 124	   4	 369	 319
69	   0	  67	  34	 327	   0	  65	  12	 117	 129	   5	 321	 370
70	   0	  70	  36	 292	   0	  66	  15	 107	 128	   6	 328	 302
71	   0	  68	  35	 324	   0	  68	  16	 112	 130	   3	 302	 327
72	   0	  72	  36	 316	   0	  72	  13	 120	 142	   4	 322	 324
73	   0	  70	  39	 308	   0	  73	  12	 117	 117	   5	 338	 295
74	   0	  72	  34	 293	   0	  74	  15	 112	 113	   2	 279	 290
75	   0	  76	  39	 295	   0	  71	  13	 122	 134	   6	 343	 300
76	   0	  73	  36	 325	   0	  72	  11	 111	 129	   0	 281	 258
77	   0	  74	  34	 323	   0	  72	  13	 111	 149	   3	 346	 314
78	   0	1465	  35	 311	   0	  78	  14	 122	 131	   4	 296	 259
79	   0	  87	  38	 332	   0	  88	  12	 107	 132	   5	 273	 277
80	   0	  87	  35	 287	   0	  86	  14	 113	 116	   4	 248	 289
81	   0	  90	  35	 314	   0	  83	  13	 130	 145	   3	 274	 263
82	   0	  87	  36	 311	   0	  88	  13	 104	 147	   1	 265	 268
83	   0	  84	  36	 299	   0	  85	   9	 112	 125	   3	 257	 284
84	   0	  82	  36	 295	   0	  87	  14	 118	 131	   4	 278	 248
85	   0	 779	  35	 289	   0	  84	  12	 112	 142	   2	 211	 231
86	   0	4063	  39	 309	   0	 167	  15	 105	 112	   5	 215	 230
87	   0	 213	 100	 314	   0	 209	  13	 110	 137	   5	 236	 227
88	   0	 216	 279	 320	   0	 215	  11	 121	 124	   2	 220	 215
89	   0	 209	 290	 295	   0	 214	  11	 107	 143	   2	 249	 195
90	   0	 200	 111	 324	   0	 205	  13	 121	 142	   4	 229	 183
91	   0	 190	  36	 295	   0	 183	  14	 121	 113	   2	 211	 212
92	   0	 162	  35	 300	   0	 166	  11	 118	 139	   4	 207	 201
93	   0	 128	  33	 292	   0	 138	  11	 111	 115	   2	 192	 217
94	   0	  96	 121	 290	   0	 117	  10	 134	 154	   3	 179	 201
95	   0	  94	 473	 299	   0	  90	  13	 111	 132	   3	 153	 218
96	   0	  84	 532	 313	   0	  86	  15	 130	 138	   2	 164	 160
97	   0	  83	 368	 315	   0	  86	  14	 113	 146	   2	 156	 172
98	   0	  84	 262	 299	   0	  85	  13	 127	 129	   3	 177	 160
99	   0	  84	 189	 321	   0	  87	  14	 119	 165	   3	 162	 170
100	   0	  78	 509	 306	   0	  85	  14	 133	 138	   3	 149	 157
101	   0	65147	 555	 307	   0	29780	  13	 124	 126	   7	 159	 141
102	   0	 337	 557	 297	   0	 338	  13	 102	 145	   5	 144	 131
103	   0	 316	 554	 304	   0	 305	  14	 117	 145	   4	 166	 153
104	   0	 231	 508	 318	   0	 253	  14	 120	 133	   3	 138	 127
105	   0	 138	 144	 332	   0	 151	  16	 108	 135	   5	 133	 132
106	   0	  97	  43	 309	   0	  89	  12	 118	 148	   2	 136	 122
107	   0	  81	  42	 283	   0	  77	  16	 103	 136	   5	 113	 121
108	   0	  73	  49	 305	   0	  72	  12	 125	 142	   3	 113	  89
109	   0	  94	  51	 274	   0	  95	  14	 119	 146	   3	  94	  97
110	   0	 420	 117	 320	   0	 424	  14	 120	 128	   7	  95	 119
111	   0	 430	 336	 305	   0	 443	  27	 104	 132	   0	  97	  95
112	   0	 387	3973	 292	   0	 373	1528	 115	 139	   3	  91	  82
113	   0	 294	32634	 317	   0	 266	14959	 105	 140	   2	  89	  58
114	   0	 197	25984	 310	   0	 188	12263	 118	 134	   7	  62	  84
115	   0	 152	1768	 308	   0	 155	 857	 119	 150	   4	  74	  67
116	 585	 130	  52	 334	   0	 143	  15	 129	 145	   3	  55	  67
117	1612	  95	  34	 309	 821	  98	  13	 115	 129	   2	  62	  51
118	   0	  70	  41	 314	   0	  72	  14	 118	 131	   4	  59	  56
119	   0	  57	  40	 341	   0	  56	  14	 135	 144	   1	  61	  45
120	 834	  51	  43	 320	 843	  54	  15	 105	 129	   1	  39	  36
121	 391	  46	 130	 308	 393	  50	  16	 115	 155	   1	  29	  32
122	 459	  43	 168	 310	 435	  43	  14	 126	 124	   3	  44	  36
123	   0	  41	 170	 294	   0	  45	  16	 109	 139	   3	  30	  25
124	   0	  39	 162	 316	   0	  38	  14	 100	 135	   1	  20	  28
125	 846	  39	 143	 314	 883	  40	  14	 136	 132	   3	  13	  11
126	   0	  39	 105	 302	   0	  39	  13	 121	 147	   3	   7	   9
127	   0	  40	  58	 323	   0	  37	  14	 117	 135	   3	   2	   4
128	   0	  38	  40	 302	   0	  39	  13	 111	 131	   0	   0	   0
129	   0	  32	  37	 316	   0	  39	  16	 120	 138	   0	   0	   0
130	   0	  37	 159	 323	   0	  36	  15	 127	 139	   0	   0	   0
131	   0	 590	 282	 315	   0	 337	  12	  99	 137	   0	   0	   0
132	   0	1178	 232	 281	   0	 414	  13	 116	 117	   0	   0	   0
133	   0	 803	  57	 318	   0	 393	  16	 114	 113	   0	   0	   0
134	   0	 329	  34	 330	   0	 314	  14	 115	 154	   0	   0	   0
135	   0	 221	  37	 302	   0	 205	  13	 110	 127	   0	   0	   0
136	   0	 153	  36	 318	   0	 131	  15	 128	 147	   0	   0	   0
137	   0	  98	  32	 302	   0	 113	  13	 115	 143	   0	   0	   0
138	   0	  70	  37	 304	   0	  91	  18	 103	 109	   0	   0	   0
139	   0	  44	  35	 288	   0	  52	  13	 109	 136	   0	   0	   0
140	   0	  36	  34	 312	   0	  33	  14	 130	 136	   0	   0	   0
141	   0	  31	  35	 304	   0	  30	  13	 124	 116	   0	   0	   0
142	   0	  30	  84	 293	   0	  31	  14	 130	 132	   0	   0	   0
143	   0	  29	 260	 339	   0	  30	  14	 111	 131	   0	   0	   0
144	   0	  32	 282	 283	   0	  29	  13	 116	 122	   0	   0	   0
145	   0	  31	 290	 297	   0	  27	  15	 124	 129	   0	   0	   0
146	   0	  26	 187	 305	   0	  29	  15	 102	 142	   0	   0	   0
147	   0	  28	  36	 314	   0	  27	  12	 111	 152	   0	   0	   0
148	   0	  27	  28	 306	   0	  28	  12	 113	 141	   0	   0	   0
149	   0	  21	  29	 327	   0	  26	  13	 112	 147	   0	   0	   0
150	   0	  28	  28	 313	   0	  29	  12	 101	 133	   0	   0	   0
151	   0	  24	  33	 322	   0	  23	  15	 123	 127	   0	   0	   0
152	   0	  24	  31	 301	   0	  26	  13	 101	 132	   0	   0	   0
153	   0	  24	  33	 284	   0	  28	  15	 111	 145	   0	   0	   0
154	   0	 696	  66	 279	   0	  80	  13	 117	 139	   0	   0	   0
155	   0	 114	 262	 308	   0	 109	  12	 116	 137	   0	   0	   0
156	   0	 123	 292	 307	   0	 111	  13	 125	 122	   0	   0	   0
157	   0	 113	 286	 308	   0	 119	  13	 111	 125	   0	   0	   0
158	   0	 118	 306	 320	   0	 113	  14	 103	 132	   0	   0	   0
159	   0	 118	 489	 325	   0	 117	  15	 117	 117	   0	   0	   0
160	   0	 116	 532	 285	   0	 117	  14	 113	 138	   0	   0	   0
161	   0	 117	 388	 314	   0	 113	  14	 104	 115	   0	   0	   0
162	   0	6374	 295	 328	   0	 165	  15	 103	 109	   0	   0	   0
163	   0	 205	 282	 289	   0	 222	  13	 106	 125	   0	   0	   0
164	   0	 212	 145	 286	   0	 224	  14	 104	 142	   0	   0	   0
165	   0	 218	  31	 286	   0	 217	  17	 116	 122	   0	   0	   0
166	   0	 204	  33	 305	   0	 209	  15	 118	 124	   0	   0	   0
167	   0	 201	  32	 313	   0	 205	  14	 118	 124	   0	   0	   0
168	   0	 191	  35	 331	   0	 196	  14	 103	 132	   0	   0	   0
169	   0	 182	  32	 309	   0	 187	  15	 113	 105	   0	   0	   0
170	   0	 172	  34	 315	   0	 184	  13	 125	 123	   0	   0	   0
171	   0	 161	  30	 324	   0	 174	  12	 112	 115	   0	   0	   0
172	1414	 153	  33	 340	   9	 155	  15	 111	 125	   0	   0	   0
173	  10	 147	  32	 275	  13	 143	  13	 124	 138	   0	   0	   0
174	  13	 150	  31	 325	  12	 128	  14	 100	 143	   0	   0	   0
175	  12	 128	  28	 319	  12	 125	  13	 108	 135	   0	   0	   0
176	  16	 118	  26	 270	  14	 123	  13	 114	 143	   0	   0	   0
177	  15	 109	  29	 305	  14	 107	  14	 128	 144	   0	   0	   0
178	  16	 100	  31	 305	  15	 107	  15	 118	 128	   0	   0	   0
179	  16	  87	  29	 304	  16	  96	  14	 102	 125	   0	   0	   0
180	  16	  92	  31	 304	  15	  87	  12	 121	 114	   0	   0	   0
181	  15	  82	  32	 287	  16	  69	  11	 123	 134	   0	   0	   0
182	  15	  85	  28	 314	  16	  79	  13	 124	 144	   0	   0	   0
183	  16	  75	  29	 286	  16	  79	  17	 111	 109	   0	   0	   0
184	  16	  66	  27	 299	  15	  64	  15	 121	 136	   0	   0	   0
185	  15	  65	  30	 303	  16	  75	  11	 105	 111	   0	   0	   0
186	  16	  55	  25	 289	  16	  55	  12	 109	 127	   0	   0	   0
187	  16	  60	  29	 316	  16	  64	  14	 123	 127	   0	   0	   0
188	  16	  52	  31	 323	  16	  52	  13	 107	 136	   0	   0	   0
189	  16	  48	  27	 299	  16	  49	  14	 118	 130	   0	   0	   0
190	  16	  49	  28	 291	  16	  52	  12	 108	 144	   0	   0	   0
191	  15	  41	  29	 315	  16	  49	  13	 109	 124	   0	   0	   0
192	  16	  42	  27	 325	  16	  40	  13	 121	 149	   0	   0	   0
193	  16	  46	  27	 312	  14	  42	  14	 113	 143	   0	   0	   0
194	  16	  36	  25	 283	  16	  40	  15	 113	 122	   0	   0	   0
195	  15	  37	  25	 311	  16	  40	  13	 110	 125	   0	   0	   0
196	  16	  32	  26	 295	  16	  38	  14	 115	 124	   0	   0	   0
197	  14	  34	  27	 320	  16	  35	  13	 120	 156	   0	   0	   0
198	  16	  29	  31	 311	  16	  32	  11	 144	 116	   0	   0	   0
199	  16	  31	  30	 301	  14	  29	  12	  99	 144	   0	   0	   0
200	  16	  29	  30	 322	  15	  28	  15	 117	 132	   0	   0	   0
201	  14	  34	  28	 302	  14	  31	  11	 113	 117	   0	   0	   0
202	67474	  27	  26	 317	32102	  28	  14	 126	 127	   0	   0	   0
203	  14	  29	  27	 320	  15	  25	  15	 110	 132	   0	   0	   0
204	  15	  24	  26	 290	  13	  26	  13	 119	 147	   0	   0	   0
205	  16	 611	  26	 321	  14	  25	  15	 115	 121	   0	   0	   0
206	  15	  30	  31	 303	  14	  35	  11	 121	 134	   0	   0	   0
207	  14	  25	  28	 341	  16	  33	  10	 113	 122	   0	   0	   0
208	  13	  31	  27	 299	  12	  33	  14	 119	 137	   0	   0	   0
209	  13	  26	  33	 309	  16	  31	  14	 129	 106	   0	   0	   0
210	 575	  31	  24	 295	  12	  32	  11	 108	 118	   0	   0	   0
211	  14	  29	  26	 308	  14	  30	  14	 109	 137	   0	   0	   0
212	  13	  28	  27	 343	  13	  23	  13	 126	 113	   0	   0	   0
213	  14	  27	  28	 300	  11	  28	  13	 111	 125	   0	   0	   0
214	  12	  26	  25	 259	   8	  29	  13	 117	 138	   0	   0	   0
215	  12	  24	  27	 326	  11	  29	  12	 111	 128	   0	   0	   0
216	   8	  24	  29	 296	  11	  27	  13	 121	 131	   0	   0	   0
217	  13	  27	  25	 305	  11	  21	  15	 118	 142	   0	   0	   0
218	12702	  19	  26	 331	6448	  26	  10	 122	 137	   0	   0	   0
219	 628	  21	  29	 311	  11	  29	  13	 109	 118	   0	   0	   0
220	9348	  23	  26	 309	3145	  26	  12	 106	 136	   0	   0	   0
221	 143	  23	  27	 290	 134	  19	  14	 111	 137	   0	   0	   0
222	2258	  21	  26	 329	 859	  20	  14	 122	 133	   0	   0	   0
223	   4	  20	  24	 324	   9	  23	  12	 104	 120	   0	   0	   0
224	   7	  24	  24	 297	   8	  20	  14	 110	 133	   0	   0	   0
225	   8	  18	  26	 296	   7	  20	  12	 117	 135	   0	   0	   0
226	   8	  15	  28	 283	   8	  16	  11	 119	 141	   0	   0	   0
227	   5	  20	  23	 320	   9	  19	  11	 122	 147	   0	   0	   0
228	   5	  20	  58	 300	   8	  18	  12	 131	 123	   0	   0	   0
229	   7	  17	 242	 313	   6	  19	  12	 105	 124	   0	   0	   0
230	   8	  18	 270	 308	   8	  18	  15	 106	 117	   0	   0	   0
231	   4	  17	  98	 315	   4	  18	  14	 136	 144	   0	   0	   0
232	   4	  17	  30	 318	   4	  17	  12	  99	 132	   0	   0	   0
233	   4	  18	  21	 341	   6	  17	  16	 128	 139	   0	   0	   0
234	   5	  15	  27	 324	   3	  17	  12	 103	 132	   0	   0	   0
235	   3	  16	  29	 306	   8	  17	  13	 117	 126	   0	   0	   0
236	   3	  13	  23	 311	   6	  16	  13	 132	 124	   0	   0	   0
237	   3	  16	  22	 311	   2	  13	  12	 115	 112	   0	   0	   0
238	   3	  16	  24	 326	   1	  15	  14	 111	 136	   0	   0	   0
239	   7	  17	  27	 338	   3	  15	  12	 111	 121	   0	   0	   0
240	   2	  16	  25	 325	   2	  16	  13	 104	 126	   0	   0	   0
241	   2	  14	  27	 288	   2	  15	  11	 129	 140	   0	   0	   0
242	   1	  17	  25	 309	   1	  15	  16	 104	 126	   0	   0	   0
243	   1	  16	  28	 312	   3	  14	  12	 120	 136	   0	   0	   0
244	   1	  13	  25	 310	   1	  15	  13	 107	 132	   0	   0	   0
245	   1	  14	  22	 289	   1	  15	  13	 117	 126	   0	   0	   0
246	   0	  14	  24	 298	   2	  16	  14	 131	 107	   0	   0	   0
247	   2	  15	  25	 339	   0	  14	  14	 100	 108	   0	   0	   0
248	   0	  15	  25	 312	   1	  14	  13	 115	 134	   0	   0	   0
249	   1	  13	  23	 301	   0	  12	  13	 128	 127	   0	   0	   0
250	   1	  12	  25	 301	   0	  15	  10	 118	 132	   0	   0	   0
251	   0	  14	  26	 312	   2	  15	  10	 120	 159	   0	   0	   0
252	   0	  13	  23	 300	   0	  15	  11	 111	 123	   0	   0	   0
253	   2	  11	  31	 317	   1	  12	  14	 111	 132	   0	   0	   0
254	   0	  14	 158	 294	   0	  15	  11	 105	 124	   0	   0	   0
255	   0	  13	 508	 309	   0	  14	  13	 125	 121	   0	47211	80599
256	21664	 810	17231	8911	76184	 820	17398	3443	93641	127002	   0	   0
var	4517	4078	2802	 535	5158	1851	1614	 207	5821	7906	3611	5012
V2	4327	4086	2603	  14	2061	1854	1207	   9	  11	   2
